3114 5
9167 2
1672 5
5607 1
3567 3
6261 8
7460 2
813 4
1746 8
781 5
1480 6
9597 4
1109 4
2685 3
10475 3
10085 8
3444 10
2494 4
11123 5
8502 3
10013 9
8844 3
7584 8
2012 4
3859 6
8654 6
10471 6
2145 4
4093 6
4430 10
3672 8
7718 10
799 5
792 8
10826 0
610 2
10274 6
4364 3
9456 5
8633 0
10852 8
4953 9
6019 5
9886 7
8618 0
3394 10
10623 2
10031 6
1733 10
1926 8
8205 3
736 9
11111 7
5019 6
7087 10
6654 8
5569 1
5803 1
11024 8
10161 8
3399 10
1903 0
10432 5
6396 10
11126 6
679 1
5271 3
454 1
7649 4
6150 8
4034 5
2378 3
8719 1
4878 8
7658 8
10965 4
9122 8
10505 10
929 10
4247 0
9463 9
10468 4
8745 4
3297 4
2418 10
11152 9
1986 7
2290 7
2358 6
8979 6
7423 8
6025 7
7258 1
8995 10
1328 8
3579 6
2110 6
3430 0
4805 8
8960 0
7995 3
2293 10
7233 4
4008 7
9505 7
4508 8
3960 10
11675 10
9259 2
6775 7
6254 2
10230 2
4193 6
8291 5
3268 10
5985 7
1074 6
7218 10
7549 2
787 6
4824 8
10948 3
7229 4
1686 4
4325 6
10986 7
4519 8
5627 8
7629 2
8856 8
9269 6
4365 1
11577 10
2003 6
9851 5
5910 10
408 4
7279 9
1877 10
1451 8
6098 8
8840 8
6865 10
2487 10
8703 10
11154 7
10742 3
4889 7
9789 5
3545 8
2819 5
3359 10
10521 6
10494 6
6705 4
10640 5
2810 8
629 2
8340 3
6024 8
3167 7
3881 10
3062 5
2212 10
10863 3
3339 9
8777 4
2859 6
8906 10
9341 2
936 8
2785 2
2102 7
10165 3
2674 8
8320 3
3640 8
10792 1
5356 2
4575 0
512 1
565 5
176 4
4940 8
6698 8
4513 6
5544 10
7838 8
6534 2
2180 10
10255 6
11690 8
8909 8
2666 5
11513 10
1592 3
8498 2
4283 4
2473 8
4281 4
11417 6
6843 10
7975 3
3455 1
6644 3
7109 8
3926 8
3157 8
10931 3
8103 6
7655 2
199 3
11531 3
7797 6
2269 1
9029 7
1961 3
8582 8
4847 6
924 6
8681 6
3896 8
6323 6
3055 10
75 6
6767 9
10940 2
8008 8
11679 3
1252 10
9281 10
8769 6
7164 8
451 10
4218 7
3687 8
2540 10
5730 8
8910 3
8415 2
4821 8
7519 8
5537 10
475 2
1546 4
6745 6
6978 8
5 4
5340 2
8684 7
8836 8
4882 10
1392 9
1261 8
9059 6
10403 10
10933 4
1417 7
9576 8
7973 5
6783 6
7274 0
5455 4
5427 2
8456 10
3667 3
6480 9
8697 8
11156 8
11259 3
6549 6
855 4
10171 3
3885 2
10379 6
4431 4
9742 2
5645 4
8031 5
4760 8
4346 3
6532 6
1572 9
714 4
7997 8
10877 8
5184 5
78 2
1811 10
641 10
10900 10
3093 3
10251 2
1713 4
1106 4
6232 3
7312 10
7237 1
8470 7
10056 8
599 1
995 10
5357 5
8748 8
6522 0
10791 3
10787 10
6266 8
384 4
7225 10
9828 6
8068 2
5489 4
6918 1
5456 2
8901 10
2328 10
10371 8
10237 3
658 4
5621 2
499 5
2710 9
8605 5
996 8
1570 7
969 2
8245 10
6780 9
902 4
10799 8
7248 4
706 8
9697 3
10999 8
4590 8
7487 8
10760 8
11167 4
4958 10
308 5
4555 7
6115 10
3585 8
9394 10
3448 10
2796 7
1484 7
554 1
11145 5
6158 10
10210 1
5472 8
10902 8
4058 7
1604 1
11010 7
7060 6
1184 4
5406 3
7136 8
4653 7
9545 8
5363 8
5230 10
5017 10
10896 8
3169 8
1893 3
1269 8
5479 3
6907 8
8685 4
9945 8
2870 10
4191 0
11140 6
10926 8
2104 6
3767 3
8385 3
3752 10
5462 10
8357 8
9354 4
2711 9
7705 8
5113 2
10360 5
2024 5
8319 8
11551 3
1529 9
696 9
8627 4
9543 7
10545 9
2461 4
5214 3
2613 9
1715 2
5877 8
2483 8
3975 0
580 3
3289 7
6622 5
5253 8
2025 10
6620 8
3501 2
3971 9
1214 4
4547 6
9090 6
951 8
10208 9
9362 8
8720 10
10088 3
662 3
1104 4
4149 0
6880 10
11063 4
9072 8
10876 3
6495 6
5859 6
10855 6
6933 6
11017 6
725 4
880 8
5846 7
3961 6
587 2
11559 3
2813 4
4820 8
8323 4
4335 5
3595 8
7117 3
1070 4
2033 10
7656 5
1089 0
8958 10
6742 7
7572 10
2625 6
10841 6
11586 2
5084 6
8651 7
557 5
7670 3
7028 3
8531 2
160 5
9725 8
10080 1
2684 8
4385 8
5438 8
9608 4
3003 4
790 0
9121 8
9704 4
9632 3
3599 3
8075 3
8 8
6752 7
6678 8
11175 7
2660 10
4026 4
1128 6
5615 3
6176 8
11199 4
3671 5
9569 8
9751 8
2707 5
11553 1
8369 8
2987 1
2980 6
2547 0
10726 9
5435 10
10777 2
6177 8
2039 7
10120 0
8377 3
10750 1
1523 9
1623 10
7605 10
1145 2
1589 8
1287 7
2537 6
5874 5
403 2
10873 3
1989 5
878 2
8486 8
9680 10
888 0
6687 0
11377 10
918 1
6424 6
508 8
2703 9
6707 0
4485 2
3014 3
2678 5
2573 6
3323 8
3796 1
4893 8
2372 8
10194 3
5129 8
7606 3
3429 2
6675 3
10351 5
3769 7
11124 9
10967 3
4491 3
187 2
10179 7
10146 4
7128 4
9965 10
10793 8
6059 9
10648 10
11096 10
3698 6
4526 7
4361 0
9862 9
10158 8
7623 4
4663 8
7667 4
2213 7
5037 7
4221 9
6920 5
1066 6
1560 6
5802 3
11408 2
11552 1
7235 1
4109 7
555 10
6051 10
3104 8
1862 8
11244 7
7962 5
5891 8
10723 7
10714 7
3697 7
6763 6
3950 5
5857 8
2593 10
3452 10
8794 8
11612 6
6951 8
6602 10
5907 3
4810 4
2792 7
9472 6
4960 10
7557 8
4282 6
6215 3
5461 10
7532 2
6894 2
9237 10
2550 2
6835 8
3336 7
4181 1
7072 3
2541 7
515 8
9302 1
10707 7
1970 9
2221 7
1843 10
2298 8
195 8
7349 8
31 8
2143 8
4726 3
7250 1
6514 3
5085 9
5182 8
4126 8
810 3
10409 0
10893 3
2534 6
4090 7
4963 9
8598 3
6634 7
6324 4
10018 9
1732 6
4322 6
10851 4
3668 5
7788 8
266 6
6056 3
10418 6
1580 10
3315 2
5125 6
146 5
11588 8
482 6
6063 10
9774 9
6765 5
281 5
8774 4
5415 8
6487 7
1685 6
1855 8
6972 1
5101 10
6541 8
1155 3
2858 8
3021 4
10341 1
11677 8
6791 2
1701 10
174 4
5200 4
7422 8
3482 2
3925 8
10222 0
5579 10
6886 6
4828 5
945 10
272 7
8872 6
7937 0
6331 6
10820 5
9624 3
11078 6
591 4
10637 3
7039 4
9169 1
2171 4
9963 8
5186 7
8988 5
11270 4
10289 4
4678 6
687 6
10627 5
1212 8
2308 4
8499 4
2538 9
6433 7
7187 6
5285 5
8348 1
1224 10
11097 3
11315 4
3226 3
886 8
10578 3
10295 5
144 4
53 2
4747 9
4830 7
6588 6
1540 9
9814 7
3128 4
2801 6
6335 10
11095 3
9068 6
7196 6
908 8
4437 2
10765 8
8459 4
10677 2
8219 2
9891 5
4900 8
8537 10
417 8
10686 8
10201 10
10401 8
9042 8
10858 2
1110 3
3423 10
11554 8
1807 7
489 2
9534 8
1559 2
5392 7
11113 5
10584 8
6845 8
1886 10
7847 10
1810 4
1246 5
1683 3
9252 2
2788 5
3908 7
3206 8
3569 8
11604 4
1896 3
10191 3
8747 4
4897 6
2839 8
5434 4
319 1
4285 1
2065 6
5495 6
4047 9
3528 7
3378 1
9993 8
2489 10
4169 5
2022 7
8634 5
5246 6
3853 4
10030 8
1952 10
3156 8
8113 7
4923 8
5202 3
1977 6
8940 8
5639 2
5231 6
4992 9
2444 10
11330 1
1043 3
10301 10
7570 2
10077 0
7029 5
6811 7
2073 8
3559 8
3982 2
10973 0
2448 4
11517 3
3911 6
3038 7
808 0
3299 4
4911 0
2841 10
10311 1
6982 5
10703 1
6016 5
3212 0
6381 10
3424 7
6002 6
2657 10
3623 8
10569 8
5712 10
2503 6
2498 8
4943 0
3288 4
1334 8
7357 8
104 6
7550 2
2197 8
11375 8
9141 0
6339 3
6423 9
9867 5
1310 4
4410 8
371 1
9181 8
4852 10
6989 8
9822 9
1644 4
9699 3
2148 3
7144 6
3090 1
3108 4
3037 5
10317 10
8177 4
7342 9
9217 2
5029 7
7999 8
3932 10
9037 5
4458 7
5133 8
5760 10
1372 7
11641 1
9386 8
6477 9
7094 10
8520 1
9845 6
8169 5
10310 10
4262 10
3067 5
1721 0
6297 4
11195 10
724 9
2637 9
2031 4
4978 9
177 10
8176 8
9913 7
10913 10
6703 8
6313 6
6404 10
6793 4
6291 7
1331 6
8261 5
7642 4
8760 4
7015 8
11210 7
10417 10
5409 4
9119 6
525 1
1079 3
10174 8
1823 10
6664 5
1467 6
11342 6
8474 0
6237 10
2721 5
2809 8
9547 3
3544 3
5746 9
11250 9
4010 10
2139 0
4584 0
3775 4
8042 8
3586 8
7563 1
611 10
4617 2
9329 8
1717 7
5177 4
492 8
7992 8
9201 5
5582 6
7047 9
1435 7
11490 3
5026 8
2495 10
8536 9
10272 5
4628 6
9614 3
4245 0
228 10
2214 5
4801 3
399 10
10935 3
7759 8
3145 4
9477 2
6848 10
1736 8
6844 5
743 7
11637 6
2354 4
11563 4
820 10
9174 5
4621 4
8817 8
10476 10
56 4
7946 5
289 2
10347 3
6181 7
6992 10
437 1
4316 6
3570 8
209 6
5336 4
7346 6
7931 5
4 4
7071 3
2623 6
10879 8
2529 6
9510 1
10498 6
3915 2
4816 3
9165 4
11056 6
7140 6
906 4
11571 7
5420 2
827 8
5534 1
6030 7
5805 8
245 8
3997 9
3543 8
7971 5
400 5
8991 1
4748 5
2457 8
999 9
2505 2
998 7
4867 5
9358 3
688 3
10503 7
3725 6
8002 6
3931 1
1185 7
4136 10
1969 9
8666 0
9779 5
2390 8
9317 8
616 2
5829 5
4892 9
8562 2
703 10
1596 4
10535 8
3365 4
5376 2
4055 9
5083 6
10915 6
5266 3
4896 6
4986 6
11245 9
5998 5
1908 6
653 5
2211 7
6884 2
2243 8
8216 8
9352 2
7702 10
3621 3
5282 10
6539 10
4376 4
7941 10
5942 4
691 6
5841 0
7764 1
7810 3
10527 8
5048 8
9149 5
9524 5
9629 2
2048 10
1419 7
8140 3
4106 2
5983 5
3711 3
3266 4
9264 2
6856 3
2649 10
9961 1
6201 6
944 3
296 4
3419 1
7308 10
2416 0
2374 8
5030 6
432 10
5959 8
980 6
10198 2
2724 8
7437 4
7420 8
10939 0
8525 8
1661 5
2814 6
305 6
5794 1
5947 10
7148 8
8058 8
3601 6
9113 5
8106 7
8402 6
4977 7
9271 2
8834 2
10223 4
9140 0
1012 0
4039 7
10173 4
1684 3
10665 8
8504 4
645 4
8761 4
6625 9
794 4
4232 1
4062 4
2377 3
8977 6
8896 8
3303 8
1415 5
1405 7
4044 9
1134 8
11601 8
4657 1
2347 2
4011 10
7394 0
5654 6
10370 3
3048 8
3078 5
8283 8
4972 3
9050 0
8277 1
94 6
5551 5
8917 0
4512 5
4853 3
10751 10
6021 8
4185 1
8538 10
5167 10
216 4
5574 10
8631 10
8209 2
6890 8
10859 3
6712 2
6306 3
7292 8
1588 10
1953 8
2601 8
5788 7
8620 10
9373 8
5972 5
11051 0
7201 8
8870 5
4105 7
11235 6
9083 10
5294 3
6412 10
11194 1
10908 3
762 0
5327 6
1111 4
6414 8
4796 10
6815 6
4214 10
7968 3
11190 6
6736 6
10735 7
7955 3
10748 7
8493 4
7200 6
5105 6
1833 2
5754 4
7724 10
801 1
11082 8
10402 4
5225 8
11389 10
10228 10
3186 8
7314 8
2501 2
5958 10
5425 2
4904 7
6087 7
3733 6
11085 3
4708 6
10977 3
5051 10
937 2
3642 2
10894 6
11009 7
8188 3
3227 3
6417 5
675 8
989 1
10257 0
4145 0
8491 6
8566 10
7829 0
6073 6
10166 8
10478 6
11087 6
4764 8
1006 10
11106 7
7400 7
5291 10
9289 5
5657 8
1379 6
2235 8
1705 8
744 7
1729 1
2105 7
9826 9
1375 10
9832 5
3154 8
10867 8
153 4
1639 6
11238 9
1857 1
1044 6
7559 1
6366 8
11526 8
8052 8
11187 6
3351 4
695 8
5536 0
10022 10
8036 8
9953 8
3376 8
10866 0
25 3
6641 8
2402 1
3281 1
4184 3
2396 2
10079 6
5243 8
7729 10
10285 8
6583 8
1731 7
4374 6
100 8
4909 6
7301 6
8970 0
8827 6
3490 8
4585 0
3331 4
2272 1
9276 10
8226 5
11508 8
8077 2
2997 10
2320 2
181 2
9783 5
11635 10
9 4
4675 1
1305 4
1129 6
6757 4
2825 8
7772 1
392 10
11391 0
2306 4
8163 4
11511 10
9270 8
5313 7
8379 8
4717 7
7706 6
6929 5
3754 1
6693 8
845 4
10829 6
10589 4
9379 1
10250 1
11343 6
2677 8
5283 5
8862 10
9224 0
11264 7
3906 2
67 6
10701 8
8023 10
4768 8
8015 8
9375 4
3504 10
8833 1
5565 1
8497 4
7707 1
3565 0
7957 3
6515 10
3788 8
10510 6
8931 7
360 10
4694 10
3895 7
4839 10
9732 2
7736 4
264 8
8275 3
4015 7
10608 8
4687 2
11619 8
10705 6
9172 4
3611 9
4799 8
3410 8
4470 8
8258 3
7457 4
11652 4
10892 6
7070 8
3970 4
9105 5
1349 6
10547 7
3216 6
899 7
1755 10
8393 8
9651 8
11650 2
9695 3
1944 8
11208 8
5703 8
5850 6
7703 10
10110 4
9111 6
1799 5
904 1
3425 0
8325 5
7491 0
7938 5
10277 5
812 8
11672 4
8529 2
5933 5
3645 3
4903 7
7290 8
6656 5
10514 7
3412 1
2755 1
3428 10
9910 5
11624 1
5810 3
1189 8
7129 8
11496 3
1095 10
4260 0
9801 7
1098 2
11073 3
9577 4
3047 10
977 5
1497 7
5111 2
5080 4
6076 0
3934 3
1091 2
5365 5
4607 6
2234 1
4848 3
10095 1
7932 0
2611 7
1179 3
8501 10
5583 3
10300 5
2137 8
11192 10
2968 8
9104 5
9642 3
4224 3
6111 8
10696 8
2682 7
1543 9
2019 9
10937 8
329 1
11489 8
9750 2
11385 4
5096 6
10732 4
6781 9
10480 0
10685 6
900 1
7343 6
11128 10
3847 8
4483 4
5856 3
1200 3
8705 6
3985 7
2301 4
9966 8
5990 7
2159 7
5307 8
5979 1
4808 10
11110 6
3073 5
132 10
6320 3
4741 5
8507 4
8510 3
8997 8
11457 6
1316 6
178 6
522 2
3713 10
8071 5
11438 7
4736 5
1792 10
11659 5
737 7
719 7
8689 1
8249 8
9821 7
6986 7
7166 10
3564 3
3879 2
9806 5
2576 8
9663 3
10836 3
3457 10
9843 7
8785 3
10574 8
9311 8
4891 7
6850 8
5345 2
1158 2
1088 3
4931 8
661 6
282 9
11420 10
3629 1
9588 4
749 6
9254 2
4595 4
5123 7
3704 7
1802 6
10413 10
2716 7
9498 9
3785 4
1707 6
9064 8
7089 8
9702 3
7777 10
4298 5
8961 1
10169 10
5606 3
11630 6
8895 8
6353 6
2142 1
7255 4
11314 8
4952 7
7963 3
11198 8
9665 3
9344 2
9163 2
6458 10
5766 8
11317 10
10983 4
5206 9
5405 2
5352 10
8388 10
3615 8
3650 8
4127 8
4063 6
4228 0
4997 9
4057 7
11295 6
2091 8
2958 3
3573 8
10266 6
8663 3
4944 4
6125 8
5391 2
10693 8
6930 6
11053 7
11204 3
938 3
6642 3
6872 3
8070 5
2177 3
5248 8
6728 4
8228 10
4135 8
11276 1
2783 7
1343 3
4267 8
6699 0
4890 9
1548 4
10185 1
7293 5
7180 7
11265 7
5682 1
700 4
9232 6
8425 7
686 0
7056 10
2955 1
9684 3
9717 4
8568 2
1583 3
4596 6
7363 8
863 4
10279 8
5308 8
200 3
4029 5
581 3
10844 10
8590 8
8362 3
1630 6
3515 8
11521 3
9339 2
9720 10
4472 8
9403 1
8886 4
1228 8
939 3
1186 6
10632 4
6462 9
235 6
3144 3
5923 8
8026 5
8471 8
1753 0
7504 2
7660 4
10950 3
7798 0
5718 3
1172 8
9855 5
5247 8
9983 10
8006 5
4038 7
8344 2
3938 8
9881 6
452 10
8573 3
7578 3
7725 10
4257 10
322 10
1760 4
1786 7
2295 6
5706 7
7499 3
5971 8
3663 2
1653 3
10002 10
6952 6
8669 8
10106 4
10951 3
7057 6
6187 0
1960 6
5941 8
1992 9
3158 8
11 1
9549 8
2793 6
10936 10
8142 10
4552 1
5920 8
1025 6
11007 7
9242 2
9153 6
324 4
4095 7
3690 1
3252 4
8763 3
5929 1
3355 5
1421 8
1146 8
8038 8
3502 4
1240 4
406 4
7377 7
11311 3
5792 2
2994 7
7686 4
7659 10
3511 4
711 9
11547 3
4692 2
6467 10
1015 3
9300 2
10007 6
7108 10
10611 5
2141 8
1945 7
7926 5
7622 4
11403 4
3561 8
34 2
4684 6
1411 3
11477 8
5618 3
9947 9
11341 7
1255 10
5498 3
3267 10
9666 6
3440 1
1869 2
4244 0
8962 0
690 2
2169 3
5732 1
9146 6
2853 6
11616 10
9135 10
10758 4
11083 8
381 8
8091 2
9337 2
11228 5
894 10
7305 8
10945 8
4331 6
11055 4
5174 6
898 5
1403 7
6611 8
10444 3
4570 0
9544 7
7773 1
8989 1
1437 7
702 6
4623 6
6027 9
9199 2
10516 6
11162 6
3415 10
9405 8
5832 8
8290 8
817 3
3173 3
4408 3
6738 9
9715 8
2095 6
7245 1
6334 5
7325 4
7147 6
4369 6
10594 10
7048 5
10651 8
2713 10
3103 2
11141 9
758 8
8787 4
10039 8
3190 7
3554 8
10339 10
8743 10
4406 6
2344 2
745 7
5697 1
10992 1
11625 8
9151 4
10229 5
2264 4
8791 5
2975 3
520 4
10629 10
4752 10
10803 3
5683 1
2609 4
5937 6
3282 5
9616 2
978 7
1187 7
6853 5
1795 7
4078 8
2773 6
4609 8
9737 10
5154 4
5367 8
1017 8
10032 10
10911 3
7996 1
6351 8
5918 3
1549 9
5614 8
10602 4
10119 1
10315 8
6369 5
276 5
2646 9
9516 5
363 10
8829 4
9365 10
5653 6
1718 5
2715 8
223 10
2661 5
5885 2
4200 7
6274 4
10135 6
3603 10
6719 10
6543 4
1072 10
10429 2
677 8
6805 3
2015 7
6544 1
11254 6
3203 3
5132 8
6926 6
10306 10
2424 10
3951 3
5211 8
5487 5
10248 4
7824 3
6373 3
7923 8
9522 10
1750 3
4908 6
9873 9
197 7
2863 10
5326 6
3264 10
6241 5
9292 2
8722 2
5776 8
9449 10
11565 4
10573 8
5302 3
7704 10
4542 4
2800 6
3533 7
8812 6
6028 4
846 10
4083 1
9623 3
3080 8
7508 3
1657 6
1093 2
4048 2
10869 3
5673 3
2385 3
8594 8
6523 1
1634 5
303 2
6166 8
4602 4
6009 0
8553 4
10182 3
7812 8
11493 4
4593 10
1201 7
9147 6
11180 9
3683 2
3723 9
4422 3
2545 3
8082 8
3309 9
3433 6
9256 8
6621 6
9123 8
2662 5
7161 10
7652 2
1337 8
8409 8
928 8
1167 5
10186 3
5950 8
5407 3
5944 1
6437 7
1941 1
3280 7
1413 3
294 8
3771 3
760 0
3084 8
11418 7
7644 2
5568 1
9596 8
4487 5
7672 1
3041 7
5514 5
683 4
4446 6
3660 8
8740 2
811 4
10163 7
2789 10
3224 6
5235 8
10453 3
8927 4
121 10
10048 3
11579 8
87 10
9916 7
113 10
1735 8
8606 4
11016 7
5148 3
6162 10
6284 4
7099 3
2592 1
6144 4
2929 2
6931 8
8391 3
10461 3
9736 1
9067 8
7458 8
1257 2
1868 2
3006 4
4417 4
5624 10
3007 4
7614 6
11312 8
8424 6
6456 7
6816 6
8729 2
887 8
4682 9
5222 7
7432 2
5913 10
7173 3
11378 4
2062 3
620 2
6518 8
6192 10
5728 2
5761 2
9372 2
5263 8
782 6
6879 10
4311 7
1563 5
3927 10
7793 3
11065 10
5090 9
10724 8
11683 2
5451 1
2076 10
10601 8
6885 3
11506 1
5960 8
7756 4
6332 3
9185 8
4045 9
9994 6
6830 7
6581 7
4685 9
4668 8
7595 6
10280 8
7288 1
2622 7
2630 9
4288 6
8731 2
3920 5
5597 2
11590 3
4368 10
7905 10
5839 0
1077 3
3784 7
3325 3
11610 7
484 2
3044 9
7776 10
5535 8
4661 8
9671 3
4939 8
9879 9
9288 6
723 0
4649 4
4899 8
11654 10
10809 10
9283 8
10518 3
8943 10
2087 6
10066 3
9595 2
3887 8
9035 0
10534 2
5457 6
10961 8
9878 5
835 10
7784 10
8677 3
10741 10
4280 2
271 0
11400 5
2307 8
8040 8
5974 8
1272 8
843 2
5442 6
9722 8
5388 4
10147 1
9176 2
5040 5
2502 5
5650 4
2664 6
4503 8
4980 5
7915 7
9439 9
4766 10
849 4
1622 8
5808 4
10493 6
10955 4
10411 4
11660 8
741 5
7224 1
2093 5
5441 10
11203 2
4178 4
11473 3
8736 2
8625 3
1804 2
5454 1
1266 4
6852 8
6327 6
9809 9
8516 1
11258 4
7063 3
5147 3
10412 3
4660 1
2218 6
8996 8
4838 2
11609 9
8145 1
4352 0
5155 3
6149 4
9315 3
6496 6
1669 5
8898 6
8845 7
1164 4
7319 6
5570 1
458 2
7506 8
8398 3
9785 9
7695 10
2027 6
7924 3
6682 3
5382 8
3140 8
8656 10
3498 3
4092 6
7531 2
3952 2
5474 10
8492 6
9854 8
8132 10
5286 2
6677 4
9871 5
10616 5
1055 10
10988 6
7286 1
549 8
9535 4
11019 3
9192 1
2113 6
1235 3
6072 10
5964 8
4525 6
7213 8
10658 0
7666 10
2258 1
155 10
2037 4
8969 8
3277 10
163 8
1318 6
4318 4
9411 7
7430 2
7112 10
6674 5
2535 2
4534 10
2309 6
3178 3
7476 8
1757 1
7684 10
5757 2
8478 8
3872 0
11326 3
2090 8
2009 5
1423 3
10442 3
10349 0
5505 10
9856 5
3259 4
8814 3
10669 3
10491 1
3890 4
10399 8
829 3
1026 10
6315 10
7085 3
6299 3
7455 2
8154 3
8796 8
5304 7
8628 8
179 8
2594 4
10801 2
4179 3
3843 8
2340 8
10928 5
897 3
11657 4
3056 3
883 8
546 10
11191 3
8418 0
5526 1
6863 3
6531 3
4332 5
3136 3
1863 6
742 9
2827 8
11260 1
2496 4
8198 0
9286 4
1190 10
491 2
4861 0
466 2
5919 4
6545 7
3628 7
183 3
1280 8
2406 5
8458 7
3086 10
1227 6
388 10
5847 7
6205 6
2626 9
1347 10
8210 3
1133 8
9829 6
10768 8
7018 1
9369 8
8826 7
633 5
8843 8
8950 5
11008 7
2772 5
2325 2
2256 8
11514 8
10838 3
376 10
5485 4
1513 9
1665 10
10993 1
5596 4
2515 10
4402 3
6888 8
8570 5
6251 10
11580 5
3740 3
11114 7
4099 6
11502 10
1143 8
10042 1
5242 8
4996 9
2067 7
7965 5
1108 4
6734 4
4397 1
10974 0
505 8
3049 8
10143 1
4066 3
1562 4
1454 3
9521 4
4549 2
6086 10
7853 1
1974 9
1231 6
446 10
9784 7
8051 2
6536 8
5381 10
3421 0
4230 3
11620 3
2695 9
1426 5
118 8
10100 2
7106 2
11544 3
10563 3
11523 10
141 4
5262 3
6668 8
1567 9
6005 7
3625 10
1000 7
7683 10
3426 8
7856 8
9094 1
6454 5
8701 10
3600 3
2350 10
8907 2
2648 8
10231 2
3637 4
10384 2
922 1
5371 8
1265 8
1784 7
9777 6
10299 8
7005 5
10614 2
7412 10
11626 1
1307 10
9778 7
2708 7
2554 6
3496 6
2408 5
444 2
7031 3
10446 8
6760 0
11603 8
6178 10
7653 10
8252 10
9222 1
571 4
3209 6
469 6
2838 2
10234 6
5416 4
9654 3
11569 3
2035 9
1673 4
7585 8
3686 10
123 3
5293 8
8274 0
8321 4
11231 6
8734 2
3368 4
450 8
2566 9
2686 4
8959 1
1975 6
5572 3
2762 0
10678 3
7479 0
7827 8
6911 8
552 10
11376 2
2283 6
576 4
11622 4
11255 1
8926 10
7192 5
4511 8
11459 8
2596 3
699 6
1576 10
5689 1
2835 2
3946 8
9850 5
11433 6
3442 5
1849 5
4108 5
854 10
10763 4
3083 3
164 8
2811 2
1058 4
7095 10
1825 5
4648 2
11131 6
1278 7
9409 7
1232 8
7092 2
8030 2
8626 3
6648 6
7256 1
9295 2
2998 6
10501 5
3427 10
2072 6
5773 5
2352 2
5150 7
8361 5
9464 9
517 1
8214 3
10485 7
1858 9
9482 3
5517 8
6987 8
2833 0
3897 8
11596 3
5251 6
6000 9
7978 6
2026 7
2069 7
8371 3
1940 8
8875 10
3485 10
9605 3
7745 4
6800 3
5109 5
7037 7
6038 8
327 3
6520 6
6029 5
9349 2
3053 4
7533 10
9726 8
1487 7
7589 3
7069 3
6556 6
3255 2
6729 6
893 4
574 3
8813 9
7262 8
10597 6
5577 3
234 8
3439 1
7521 3
8229 2
3593 3
2088 7
816 3
5876 6
3116 3
10113 4
7145 8
39 8
2786 6
7174 5
1346 2
7139 6
11678 10
4959 10
4378 1
8623 8
3676 8
33 8
173 2
8363 10
2654 5
2160 6
8483 8
6683 8
753 10
7486 4
6755 6
6615 9
983 8
11044 5
10107 4
8530 4
5522 10
6533 6
1383 9
5318 4
6733 7
9117 7
1704 2
7921 2
6770 9
1616 1
1789 9
6828 8
8541 8
9249 2
7198 3
9255 2
4254 5
9143 8
9636 4
3257 6
7502 8
5349 8
5555 10
3541 5
8080 8
80 4
5731 1
3085 10
3025 10
1902 0
7416 10
4290 4
9894 6
2200 1
11066 8
1130 9
7969 8
4246 10
5973 8
11689 10
4834 7
2126 6
9390 4
1593 8
7238 1
1598 6
4712 2
9976 3
7010 3
10996 8
2575 10
5183 3
8867 8
11034 6
148 4
10663 4
11146 5
3999 7
7294 8
7252 1
3860 2
8679 4
10731 6
5082 5
3143 3
364 0
6078 3
11667 4
3189 4
5946 8
7828 0
2399 8
6338 1
3170 8
6450 9
7808 8
3538 6
477 2
16 1
457 7
11413 4
7484 0
11323 4
11206 3
3948 2
3362 10
1965 9
4442 3
7024 6
9451 2
8766 2
11441 2
3840 8
2815 8
3202 10
8878 8
9438 8
6003 7
605 2
2751 10
11158 4
11185 7
2016 5
623 10
6571 8
8632 10
4967 6
9645 3
3875 8
4677 5
3069 5
7042 6
8653 8
8597 8
4471 10
3211 0
5952 7
6384 5
7050 3
7607 7
3165 8
8255 7
2393 3
8269 1
5698 8
202 6
614 4
5658 10
10074 10
5672 3
1526 9
831 4
1063 4
9674 3
51 10
941 3
425 10
11229 7
8407 3
9159 7
3207 8
4017 6
5207 5
9705 3
5265 8
9664 8
3566 8
11584 8
8984 10
8165 6
4176 6
11241 8
18 10
10081 1
8337 8
9962 1
11041 4
6041 8
10045 8
912 6
10833 3
2061 3
1852 4
877 4
10321 8
11361 6
5466 1
8153 0
7206 3
4689 4
1521 9
3889 1
6040 10
976 4
2986 8
1800 2
5114 6
6300 10
7517 10
5038 8
2129 4
2230 6
6660 10
5350 2
7364 8
761 3
10774 10
7582 2
914 4
8577 6
3443 4
8611 3
9446 6
1914 1
6403 8
3040 7
6954 9
3121 8
10633 6
8231 5
5699 4
6831 5
3726 10
1584 8
8668 4
4840 5
10262 3
7537 2
3553 6
2380 8
10595 6
3058 4
3141 1
10660 0
9514 7
3731 8
8353 4
10176 3
3274 4
4341 8
385 10
9746 2
7073 8
3944 6
8513 8
1832 6
11425 2
201 10
2462 6
4517 5
7805 3
10947 10
10416 9
7512 1
7118 8
5889 1
1090 4
9387 10
2367 8
6045 4
3967 10
1680 4
8612 7
3350 10
1276 6
11176 10
5064 10
6386 4
370 3
9171 5
10434 4
553 4
10154 10
6914 5
1440 8
2370 3
6645 0
5014 1
4739 0
10102 10
8912 10
10117 8
1011 3
7733 10
10470 0
6416 7
4832 5
5069 7
11099 6
11021 1
7062 3
2768 5
4207 5
7998 6
7220 2
860 10
2953 1
3534 0
7127 3
6220 3
4693 5
6874 0
11482 4
7780 4
8384 3
1221 8
3655 8
9841 5
7267 4
7646 2
11012 7
2441 1
1662 10
10613 4
5666 3
5550 3
3513 2
9701 8
10952 2
1814 6
895 3
5741 6
9644 1
4231 3
1959 5
11242 7
2018 7
3833 10
8704 6
2532 5
7841 8
2784 3
4914 8
524 1
3858 8
6483 6
6542 6
2386 4
2944 10
11184 7
3631 8
930 8
8254 3
10546 1
167 0
10849 8
8877 4
729 6
8556 6
2942 4
4373 6
5492 1
10354 5
541 2
9502 4
10367 8
9202 2
9999 6
1398 0
231 2
4250 4
3480 10
7490 10
6277 8
9512 6
2978 4
10717 3
460 2
5414 8
7579 5
3383 4
5328 7
3978 8
8179 10
4289 6
11392 8
6004 5
9205 4
7723 10
4196 6
5540 2
11057 1
4573 0
5332 4
2753 8
1536 7
4167 6
1282 9
11324 8
6501 7
8854 4
11015 7
7470 10
11160 6
8711 6
8180 4
1615 8
7299 5
2381 10
5894 10
6808 8
3330 7
7182 10
3878 4
728 8
10343 6
5027 3
2829 3
6980 3
5997 7
7281 3
5161 3
2989 2
9056 10
2741 1
6011 4
9508 9
5601 8
1404 7
5702 8
7650 2
11471 8
586 4
2516 4
9468 6
1218 3
1434 9
9044 3
7344 4
4723 6
8853 3
1861 2
954 3
3161 6
9061 7
9450 4
1002 2
3715 10
9948 6
3400 8
3594 6
8922 8
3909 8
9084 6
3258 8
4670 10
1471 3
11688 2
4913 3
10172 10
415 4
8292 3
3618 5
6233 5
4613 6
1764 2
6910 1
4474 10
6102 10
5662 4
10325 8
2240 4
9768 7
4314 8
2705 7
1350 6
2826 6
1339 0
1258 10
766 1
2567 3
4371 2
3406 1
2312 8
5694 3
5254 5
8067 1
208 10
6968 10
119 8
542 4
5410 4
8025 8
5319 0
2268 1
4724 3
3699 7
934 0
9055 0
269 4
6153 10
10225 4
11484 6
2821 8
5822 4
8824 6
6715 3
4292 8
9076 4
6922 5
2446 1
1361 4
1660 9
8930 4
2124 10
5858 6
3738 4
3583 2
4463 10
9220 4
8222 4
2112 7
1225 6
1324 8
6211 6
3759 10
10766 4
6173 7
145 2
7505 3
2606 7
4355 10
564 4
6459 7
1897 1
2675 5
11487 1
550 8
4975 6
8496 5
10861 3
4510 2
1121 6
5951 6
6524 8
8865 3
10856 2
7137 4
3302 8
6104 4
7193 2
3024 8
5396 2
2154 4
6295 7
7947 5
11173 6
9568 6
4091 10
4807 8
434 4
11316 7
2099 6
9400 3
1847 5
5504 10
5721 4
6218 8
3183 3
5491 10
3045 7
5397 6
1168 4
6981 1
10456 4
7402 2
3218 8
7781 4
4016 2
295 6
9622 2
8152 1
3453 10
1115 4
528 2
7494 1
4059 7
2042 6
5310 2
11662 8
7102 3
8336 8
2128 8
3770 0
11127 9
2849 2
10134 8
5075 10
468 6
3862 7
4856 8
7107 6
1726 8
3598 6
10981 6
10756 6
30 6
5429 2
10697 10
259 8
10421 6
7322 5
4479 8
10214 10
1410 9
5015 8
1479 7
9517 7
55 8
11080 4
6943 5
1283 6
3493 8
11344 3
9308 6
8316 1
6113 4
4961 9
3316 8
4225 2
11153 6
8138 3
2157 5
4032 7
10987 3
5611 3
10919 8
2060 8
3497 10
3764 8
4088 4
726 8
4377 4
10170 2
1668 9
10901 3
5631 8
5003 1
5448 10
4240 3
11237 7
2332 2
6591 10
6784 5
6440 5
9170 10
8888 4
2391 10
10265 7
2659 5
7625 1
2756 1
3591 3
8650 10
9998 8
1217 6
10472 4
3988 7
10357 1
6725 7
4248 3
6225 4
9911 6
3223 4
5153 5
9231 3
9258 6
10131 8
1050 6
9817 9
40 10
8861 3
7034 3
8125 5
3643 10
8436 0
472 10
2647 6
6301 10
11541 4
2339 6
9672 3
2414 8
2422 7
8454 4
9643 3
5931 3
6079 8
8851 6
570 3
1207 10
1161 4
6568 10
10544 9
4935 8
4518 5
7265 3
219 5
4284 8
3681 7
267 1
6579 8
777 7
11081 8
8024 8
4086 3
9678 3
9440 7
6202 8
5403 4
6167 10
6977 1
9057 8
3755 1
8148 4
1387 9
10617 6
6709 8
7738 10
4862 3
722 6
6963 2
4697 8
6979 10
1401 5
2687 10
248 8
11325 6
7601 4
3019 7
3472 2
9325 6
2134 3
11189 6
3219 4
8488 4
429 8
4313 5
6762 7
8727 2
2086 10
2619 7
11002 4
8542 9
3589 0
6399 3
9964 8
7272 1
5063 2
10291 7
8149 0
9208 8
9893 6
1643 4
1003 7
7721 10
9659 5
6096 8
1191 10
10466 4
8946 10
5943 5
4329 2
222 8
6834 10
7928 3
7264 1
1830 5
4360 7
10771 8
4971 8
874 1
6527 0
1930 8
931 3
4715 5
2720 1
9314 6
6650 6
850 4
2723 8
9086 2
4327 6
8446 1
985 8
8477 8
2140 8
9669 3
1635 5
2394 4
1727 8
11018 1
10598 6
5715 1
1032 0
3990 7
1059 3
2205 6
11108 10
11423 0
4703 1
4306 5
9402 6
5128 3
1818 4
1706 10
10680 8
8784 8
2387 3
720 5
5688 5
7591 1
10767 8
6973 8
1197 2
2617 1
3120 4
10275 7
7854 3
3935 8
9811 9
8460 8
2040 5
10028 6
2861 5
180 2
9287 0
3398 4
3575 8
6875 5
11618 1
7356 8
7032 6
4081 6
2709 10
6481 6
3441 10
6077 10
4696 8
9027 3
7090 6
4082 6
3290 8
6969 10
8184 1
5782 0
9769 5
4383 3
6897 2
9285 5
7534 2
1385 7
2704 10
314 6
11404 8
8122 1
676 7
9996 8
10264 8
6047 10
138 7
11003 8
4993 1
4583 0
10922 0
4148 4
8762 4
2114 6
1571 7
4554 3
9539 7
910 8
10271 6
10094 10
4161 6
1138 6
2449 6
1150 10
11049 10
243 2
7762 4
7190 8
10152 3
6948 6
5868 8
11274 9
4020 3
4634 4
8262 0
7091 8
3087 3
11631 6
10459 9
7618 4
10656 10
10374 8
6172 6
1754 0
10477 5
6638 7
2223 9
3479 1
5878 7
634 1
9092 8
7624 6
10047 10
1254 10
8871 8
6343 4
7709 10
9475 6
4229 1
10364 8
205 10
11648 10
7541 2
4321 5
3148 3
6603 10
6180 5
1591 8
6633 9
3647 8
11566 0
3222 3
2638 9
9583 10
3015 10
11402 4
10635 8
8964 8
7651 10
6572 3
8256 5
884 8
11079 10
8914 1
5784 3
4444 6
11481 2
3089 1
1085 1
5013 4
9908 9
11028 10
4968 4
5875 0
6898 4
1625 8
4973 1
783 8
11011 7
5249 10
10592 2
6337 3
10308 8
2658 5
11116 6
2752 1
11582 8
8788 2
9488 10
11069 8
6587 9
275 10
9900 9
4700 4
9638 6
7668 4
3523 6
3063 9
10828 0
10827 0
11093 7
9230 2
8852 4
7778 10
8994 5
1938 0
4188 10
8691 6
10526 3
2297 6
573 8
8842 8
2949 5
3648 10
11105 7
1096 1
10591 8
2746 3
7084 7
7586 4
746 7
1890 5
7803 10
6328 6
1020 3
7960 5
11372 3
5086 7
10882 6
2960 0
1309 8
4855 1
4844 4
5896 3
5497 1
3735 0
2096 2
11174 7
4216 4
5289 7
8066 3
6718 1
1763 8
9077 8
2452 7
2966 5
1270 4
4227 6
5006 8
8265 3
5690 1
10156 3
9714 4
2732 3
7065 4
10069 8
483 8
9747 4
11472 4
10038 8
11223 10
3201 6
2749 8
962 2
4473 8
9243 10
5533 1
453 6
6617 10
11379 7
2600 0
875 10
6385 8
3204 8
5798 6
7665 4
4870 10
4375 6
10671 8
15 4
10287 8
5686 1
5290 8
4524 10
5578 10
1788 9
3306 10
5925 8
6319 5
10124 8
1344 8
11047 3
1990 7
4728 7
3005 8
8078 4
3861 4
5488 1
115 10
45 10
10487 1
9967 3
3477 3
2488 3
11086 0
11685 6
4798 8
2568 5
992 4
4632 7
882 6
3953 3
1889 4
7025 8
11682 5
233 4
7689 10
2063 0
9334 10
1894 6
1458 2
7030 7
5720 3
11112 9
5674 3
1617 2
218 7
9138 2
4928 3
4543 8
3584 10
5057 8
2050 8
2584 6
1216 6
1905 4
2523 6
1465 7
7408 1
2427 8
7098 6
4166 4
506 3
277 3
7415 6
1478 9
3411 4
11336 8
603 5
7016 8
4104 6
4469 4
10035 10
7231 3
8166 7
665 7
6575 6
8278 1
2946 3
7361 2
7300 6
7493 6
6631 10
6190 10
10934 8
2219 7
8929 3
254 7
10419 6
851 4
4002 6
11134 6
3436 3
311 1
4730 2
5081 9
1948 7
3387 2
10738 6
8001 4
10236 8
10209 7
9657 3
3546 4
10452 10
1723 3
8690 1
9101 1
6962 4
9566 4
6606 10
9760 2
631 6
10552 3
5768 3
1203 4
3630 10
9144 8
809 5
7583 4
9852 5
7538 10
7956 5
7536 2
9413 7
4256 4
9952 6
7983 5
10015 3
828 6
9294 4
7247 3
8212 8
2551 2
6557 2
3061 5
5330 7
214 6
4827 5
5024 6
7564 8
10666 10
600 4
4732 7
493 2
8334 2
9293 6
9780 5
10878 3
10064 8
2271 4
6243 4
1594 0
10025 7
6516 10
579 8
10942 4
4637 4
9558 7
10211 4
2238 10
156 2
5471 2
8599 10
8773 6
4027 7
9277 8
1853 10
9330 10
9177 2
6895 10
9848 2
11004 7
9108 8
5073 1
251 6
10365 1
7677 10
7741 10
9430 9
4162 4
9206 4
2993 4
10389 5
6721 9
1122 7
2447 10
803 0
4797 7
9776 4
915 8
442 3
5590 2
11486 6
856 4
9538 7
11691 4
1251 8
8983 1
1094 1
6290 7
11098 6
1373 9
280 8
372 7
1024 3
7674 4
9698 8
10740 7
4979 4
3065 5
8004 8
7126 4
11568 10
3968 6
3702 4
3102 1
5911 8
9904 5
8295 4
8801 8
10345 10
7331 8
10982 8
6864 3
590 10
6068 8
5626 5
9484 9
5418 3
4642 7
4258 8
2728 4
3536 4
8913 8
11023 6
8661 3
4652 6
979 2
9897 0
1286 10
2864 10
7149 4
8687 4
8660 7
8120 8
6529 1
8441 8
3101 10
10565 0
5992 7
4669 8
6813 1
7638 8
2857 6
9668 3
3957 2
2438 7
10884 4
3692 4
6748 7
2231 6
8047 8
10046 10
1103 4
2083 8
2349 2
2985 4
7121 8
3592 6
7425 8
7261 7
1292 7
4951 7
2865 6
5605 2
7339 2
639 10
819 8
5530 1
4391 8
5280 8
852 10
1798 6
3677 8
10502 1
933 5
1964 6
11371 8
7530 2
7542 2
4101 7
3624 2
2121 3
6730 6
6825 2
9034 8
10455 7
2555 6
8693 10
2683 8
443 10
8426 3
9864 5
578 8
5281 3
8121 8
5270 10
1422 8
2514 2
2847 2
8296 0
4921 5
1888 4
7648 10
6120 10
6605 8
1153 10
2848 2
8944 10
5279 10
5884 6
2292 9
4804 8
9888 6
3604 8
10576 8
735 6
9396 3
7341 9
8869 4
10720 8
7406 2
10440 3
4676 6
8739 2
2976 6
7006 9
9795 9
10096 1
10530 5
5387 8
2206 2
8900 8
3182 4
10033 4
5696 4
8260 3
6561 5
169 8
5335 2
3382 10
5532 10
2453 5
8674 7
9686 3
9528 6
5380 5
9903 5
2323 10
497 2
4530 4
6949 10
6136 8
11226 4
1211 3
2718 6
10607 7
9865 7
9071 5
1262 10
5022 1
7713 4
2435 4
2153 7
8064 8
8193 8
5044 8
11407 8
4662 10
1462 0
3578 1
3891 2
879 6
3535 10
11252 3
6613 2
3196 8
6281 5
5680 10
1878 2
521 4
3989 7
5050 4
211 3
375 4
2020 5
838 6
5493 4
7779 4
5939 8
3373 3
4035 9
538 4
2167 1
5383 8
5679 3
2263 4
9656 3
10872 3
2614 6
8476 1
9988 8
1195 8
5642 6
7170 8
6001 9
9241 1
4434 8
9537 2
1114 4
6525 6
5594 1
5765 8
9561 3
6259 4
6690 1
4658 6
4926 8
4654 4
5103 6
5198 4
1279 7
6260 2
4268 8
4366 1
10824 0
3910 6
10026 4
1690 1
10304 1
11597 8
6747 7
95 6
4792 4
11515 8
7949 5
7459 10
11647 4
10605 5
10647 5
9470 1
2974 10
5258 10
3023 0
1342 6
7157 8
6119 0
3296 2
3174 10
6084 3
11213 8
2631 5
7133 6
11556 0
2754 1
501 4
6336 9
4358 8
583 10
1667 9
523 2
3943 7
5099 8
8367 4
2236 8
3955 0
6154 8
3338 4
4142 7
7976 3
1550 10
1244 10
3790 7
7003 6
536 1
6607 10
5622 10
3757 8
2876 7
3928 8
4817 0
2359 4
6196 3
6604 10
5817 5
1029 3
8503 8
3522 8
10789 8
2586 7
5245 8
10821 8
7991 8
6302 8
4194 9
4886 9
6796 2
7454 2
8874 8
8444 8
773 10
5667 2
3519 3
4040 9
9661 3
5226 10
2466 8
2804 6
6560 5
3842 10
11060 8
5273 2
6908 3
5062 2
11452 4
4096 8
11027 8
9026 8
1730 7
2326 2
2690 3
6401 3
10639 10
10532 4
6008 1
5861 6
8233 7
7253 1
8655 7
5774 2
1386 9
10003 10
2798 6
4111 8
5398 2
4307 10
1183 10
1599 3
1696 8
11455 7
1904 6
1984 10
5385 3
6263 7
3312 6
5412 3
1353 8
10745 6
11388 3
5580 5
11633 3
6847 8
1124 8
92 6
970 10
2089 5
10909 2
2698 5
1865 10
6272 5
9647 6
8158 6
4363 5
10687 8
9133 6
1162 6
6457 7
3092 8
7743 10
5539 2
7052 4
4998 5
3739 6
2824 8
8902 3
467 10
7143 8
6378 10
6938 8
4598 8
6398 9
4502 10
4170 3
10554 10
10679 8
2485 2
8126 8
1438 8
5095 7
2204 6
8920 10
4522 5
7846 1
6034 9
239 8
6042 8
3139 8
2967 10
8818 1
11102 6
1867 7
10966 10
943 8
1626 6
2525 1
8993 5
8097 8
7114 8
974 6
6667 8
802 2
1469 8
8688 6
6959 2
2077 10
2311 1
256 3
10743 7
10946 0
9782 6
4348 5
7791 10
10273 9
8207 2
6185 3
8326 8
10794 5
8621 8
8411 3
9240 6
502 6
10388 8
5179 8
3321 1
8318 10
8518 3
3371 5
757 1
7055 8
10005 9
3929 0
8438 7
654 1
11329 6
11396 1
4432 6
448 10
5849 9
11476 4
667 6
273 1
7581 10
1498 7
1461 9
8115 8
6936 10
4326 6
10815 7
4420 3
5338 3
4823 6
7234 1
379 6
2287 10
7327 4
9066 6
9600 7
1354 6
2764 5
7820 8
8863 10
6203 7
640 8
3976 8
8873 0
10326 10
2364 4
9274 2
158 8
2699 5
10706 3
8855 2
953 10
7848 8
3709 10
8890 4
9959 6
9142 7
5842 7
2242 3
1649 3
2056 8
9518 9
5224 8
11042 4
369 4
6630 4
5481 10
4414 3
8857 5
5940 10
1737 2
5196 3
11651 5
5729 4
5229 8
2366 8
9731 10
5443 3
10358 3
10105 2
1909 6
2036 7
11331 10
9842 10
3002 8
2127 3
3516 1
5343 5
3100 8
6124 1
11421 8
815 3
11137 6
8709 3
5707 10
10753 3
594 2
7404 3
6722 7
592 2
9525 5
6628 7
2472 5
10653 8
8018 5
6942 5
2302 6
2398 0
5426 2
4588 8
1607 7
3619 7
7514 3
465 2
4052 1
7904 6
1295 7
3077 4
7568 10
3626 9
684 8
485 4
8299 8
2828 4
7933 0
6769 7
9835 6
4287 6
1042 0
4888 5
1313 2
2123 6
6421 7
8117 4
1380 4
5373 10
3907 2
7796 1
5433 10
10559 6
8339 3
7497 4
6402 8
9485 5
8057 8
8892 6
11050 8
7634 10
6688 7
2694 6
1881 8
7540 1
9682 8
4813 8
4699 8
9969 8
837 10
11367 2
6785 7
9173 6
11186 7
2397 8
3396 2
9820 9
622 2
8405 1
6558 10
8435 10
10586 2
3551 2
7158 4
5374 2
4183 6
7845 8
10218 10
9499 7
402 8
19 8
10390 2
9728 8
149 10
9526 4
7641 3
9397 4
7719 10
1939 6
6436 6
3832 7
7370 3
5210 8
10883 2
1378 6
8452 10
2714 2
4393 8
7732 10
166 8
6510 10
2468 7
1803 6
11536 10
1734 8
290 2
2689 8
11600 4
10590 5
5322 0
9327 3
1642 6
8200 3
2057 7
7151 6
8545 7
1222 3
361 8
8899 4
4239 8
8549 5
8700 5
5465 8
1296 6
10220 3
8992 2
10752 0
10853 8
9681 3
2321 4
7239 1
2467 5
7632 5
5956 6
9393 8
4299 5
8312 8
11268 6
8905 6
3460 6
2098 7
5372 4
1700 6
2322 2
2817 2
6453 10
6608 4
9261 10
1638 6
11380 4
10870 2
10682 7
8601 9
8069 8
2004 9
2726 6
4272 5
2844 2
9497 9
2943 8
10500 2
10954 3
3342 7
7580 8
529 2
274 3
5978 7
2412 8
9093 7
3151 8
4110 3
5613 2
1087 3
3979 8
7243 4
4795 4
11409 3
6368 8
2522 10
6413 10
9156 7
8730 2
6476 9
3155 6
7153 4
8671 6
8056 3
9655 3
8557 6
1745 8
3176 8
1010 10
9182 10
2058 6
3200 8
4504 4
9849 5
9685 6
7345 7
1514 9
3471 10
5180 6
9236 6
5500 8
8481 3
5955 7
5700 10
5164 4
1152 3
5188 8
5559 6
11348 7
5444 2
9246 2
9481 1
416 4
3468 4
10906 3
3558 6
5880 8
1384 2
10924 8
3662 6
9351 8
5838 3
10770 8
2670 1
8247 10
566 8
10540 7
10132 8
7465 2
6669 6
6598 6
4294 8
6896 2
5163 4
1376 10
7576 1
2855 4
6946 4
1219 0
11345 5
7910 3
3708 0
6563 3
4603 4
6500 7
6216 8
6932 8
5608 4
952 3
27 10
1148 8
9078 7
9309 10
9755 10
7787 10
6553 10
8194 10
750 10
2470 4
9496 9
927 8
4645 4
241 8
6314 5
9716 8
2680 8
2431 8
2045 5
9425 4
488 2
2451 1
11428 3
10458 2
3505 10
2840 2
2717 8
7195 5
604 4
2152 5
7110 7
1027 8
6689 8
9250 2
1135 2
7132 0
795 1
12 4
2280 10
1606 9
11067 3
10342 8
9613 6
8017 5
9134 1
1033 8
3476 1
2125 3
6143 7
1821 4
8832 5
890 8
7041 7
5108 4
4744 8
11562 10
10556 10
3018 6
1397 5
11538 3
1442 7
7912 3
461 2
5204 3
9210 6
6749 5
6694 0
9796 9
1601 8
10221 0
10203 10
5893 6
1 6
1460 1
11453 8
3646 3
3836 8
10786 0
401 5
6582 5
6062 10
2896 1
10340 3
1127 10
5516 2
8181 3
4521 6
1329 8
8948 8
11671 4
10141 3
844 4
8236 8
5093 6
3278 10
919 4
8395 0
798 6
3193 6
2681 8
2445 7
1444 7
11318 8
8338 8
4405 6
6961 2
5651 8
470 4
6503 7
1485 8
4619 6
6902 2
825 3
2353 10
1871 8
1065 9
901 8
6566 8
9834 6
3576 4
11048 4
6985 3
1196 7
1687 6
4427 4
7049 6
6624 8
6513 3
1107 10
4743 4
7189 8
10151 6
1674 6
10806 6
1317 4
10318 10
4720 6
5922 8
9863 10
10848 8
6595 7
7693 8
2407 2
7358 8
7097 9
6912 4
6282 6
8074 8
3017 5
903 1
1827 3
4629 4
476 1
8280 8
3491 2
5175 4
3734 5
1363 7
8561 1
9251 2
1846 6
242 10
5695 1
504 10
2589 7
1906 2
8100 6
1341 4
8105 6
9191 2
1927 3
5692 8
6991 8
2046 6
8825 4
9703 8
1260 10
9883 9
10895 3
8239 3
1561 5
7687 4
8243 8
4954 10
7633 1
7730 4
11262 9
6700 0
9560 5
10903 8
9581 1
7285 4
11529 8
7033 6
2156 9
6101 4
5693 1
11337 2
3450 1
2820 0
5573 3
1527 6
9899 7
11138 5
9118 7
5818 4
5045 8
2632 7
981 10
4372 1
11512 6
10219 3
8118 10
10553 10
4738 7
6148 6
2463 10
3214 3
2866 7
2542 6
7216 10
10011 7
26 10
10083 10
10010 7
1014 10
10269 9
3301 6
678 4
3525 6
9448 5
8848 3
10676 8
224 7
1569 4
11381 3
4012 3
9431 7
4733 6
11089 8
9838 9
2133 8
5098 2
5966 10
10604 6
10579 8
9032 10
490 5
10839 1
8559 7
10650 4
10615 8
11670 2
5091 7
5562 1
824 3
6075 10
6469 5
7178 10
4576 2
3657 2
326 10
1390 9
9453 9
4252 3
10249 8
9905 9
10062 3
8792 5
9235 8
1557 3
3360 8
2107 7
10217 4
4304 8
3122 3
8257 8
8135 1
5110 8
4147 0
717 6
5619 10
5364 5
8868 7
4879 6
6916 6
5557 1
10642 4
35 8
10193 2
338 1
862 10
5982 9
455 8
7177 8
9884 9
2346 4
740 7
10474 7
2282 5
8619 10
321 1
6651 4
9374 8
5228 8
1785 7
3994 6
188 10
6559 7
409 1
7717 1
7495 6
313 2
4814 1
2411 8
4734 2
7594 5
3552 7
20 4
11483 8
10695 8
6569 3
11240 6
2842 10
2700 5
11090 4
8151 8
3133 0
7631 8
8271 5
3177 8
5630 2
5341 4
7171 8
1910 6
2506 6
647 2
427 7
1176 5
7295 5
5306 4
5755 10
6347 0
8678 6
9048 3
8881 10
6494 7
11313 1
1477 4
9500 6
10197 2
6692 3
6720 6
716 7
3901 6
7698 4
7554 10
7785 10
6139 2
5483 4
2365 7
8746 2
10359 10
10098 10
2232 5
11362 6
6632 3
7682 10
10495 10
8162 2
754 0
8043 2
5511 3
4075 4
2255 8
1326 10
7694 1
5739 8
4793 0
4220 6
9385 1
11022 1
4746 9
5872 5
6593 4
9096 5
11643 4
10043 4
6112 6
4586 0
8358 8
11339 7
9612 8
10270 9
11247 9
4976 6
8213 4
5989 7
8440 10
1951 5
7103 3
6269 5
3899 1
692 9
6316 10
7194 8
6878 6
7130 2
830 8
2957 3
11214 3
7167 8
1062 7
4716 3
1901 8
6036 6
46 6
867 10
7757 10
238 6
11125 5
644 6
1100 4
6484 9
11207 10
2338 10
10520 9
1136 4
9781 5
3614 6
5779 2
10490 1
9837 5
4803 3
3582 4
2455 7
4690 8
7661 10
1633 4
9598 8
3107 1
10133 8
9767 6
2484 10
8268 3
1554 6
414 4
539 8
3494 2
335 3
9898 9
9225 10
2640 7
7185 3
5716 10
7317 1
3649 5
5237 1
786 4
1895 8
11209 1
2101 6
4439 6
3673 8
5681 1
5445 8
4846 8
11221 3
4868 3
6761 6
8375 3
3380 4
9756 4
4097 10
858 6
11147 7
3284 7
8564 8
5172 2
6788 8
8288 4
4128 4
5076 3
9223 8
6996 3
9434 6
3863 4
3607 6
9794 10
52 10
4933 3
7044 5
6311 4
5440 10
336 2
11059 1
317 5
543 3
10247 8
1677 8
11358 4
11164 4
7046 8
1936 8
7516 3
8533 2
6193 4
8980 3
8560 5
597 7
1031 3
3319 4
3337 4
6679 6
2392 1
7619 2
9075 4
11043 10
9175 8
9707 8
8915 10
10091 7
10541 10
8159 0
10802 3
10746 8
9694 3
10661 0
624 5
3239 1
1154 1
4033 9
7240 1
471 10
3099 10
8160 4
8270 1
10136 3
4672 10
10309 3
5077 6
11549 8
8356 10
10715 0
4324 10
5047 2
9238 6
6594 1
8173 6
7169 10
7837 8
2117 7
984 3
9735 8
9721 10
6776 5
9112 6
4624 0
5185 0
9578 8
4548 7
6717 3
2557 10
9609 1
2740 1
2049 3
617 2
5519 10
7222 0
357 10
10122 2
3096 8
4157 6
1587 3
2743 7
5863 6
10874 3
6054 3
8972 8
5669 10
10099 6
2164 5
373 6
8390 3
8718 10
8343 8
5116 0
9382 4
124 2
1399 9
2450 4
206 10
6219 8
5459 10
11550 3
2351 2
4865 6
4895 10
5079 4
8519 3
9316 8
9511 10
2679 6
6321 10
6610 4
9406 10
1837 10
7716 10
9408 8
950 6
9304 3
1293 7
1503 5
865 6
10109 3
2653 8
6915 6
8196 6
10634 8
1028 10
11074 3
6128 1
7765 10
4241 0
5117 3
3694 8
5431 2
6280 10
9363 6
1245 10
5220 8
5547 4
6165 10
8359 3
8019 2
6724 6
9097 2
8673 2
10509 6
5737 2
4151 8
367 8
5490 8
1980 2
8484 8
422 7
198 10
9051 4
3123 0
2553 7
8724 2
1213 8
6809 8
291 8
2147 8
8782 10
1083 10
6349 7
7096 9
5736 6
10808 1
11038 7
534 4
10071 0
932 4
5122 0
9604 10
3695 8
1880 2
7855 8
9211 2
10690 3
7278 6
8571 3
1716 0
389 10
7021 8
9696 8
4949 3
11370 10
50 10
4535 4
9033 8
8850 8
2440 0
11666 3
2565 7
10297 6
9079 10
8887 4
6673 3
1773 6
8939 4
9364 10
3283 6
6107 10
1147 7
6695 10
1766 6
3409 8
10622 8
5980 6
7588 8
2527 2
5904 0
10944 3
11557 8
1950 7
11068 8
5464 5
6710 6
5895 10
5036 6
5795 8
7959 0
650 2
2291 2
4401 2
10555 0
694 9
5834 8
5905 4
5401 0
2336 2
9266 10
6383 7
11576 4
3088 6
10823 10
2161 7
6447 9
2643 7
3947 4
1775 2
4330 7
8366 5
6772 7
10548 5
4599 10
5274 10
8083 8
7266 8
11570 10
4529 8
11645 10
2992 4
4336 8
5665 1
9178 4
10121 8
5223 3
2582 9
10177 6
5635 4
1021 3
3357 4
651 10
8234 6
9152 8
9074 2
656 8
9958 5
4333 8
9541 4
1564 5
4887 6
7019 8
9860 9
8904 4
8155 0
9579 6
5106 7
7324 8
494 4
1981 7
5775 8
2032 5
7967 3
11656 2
7489 7
9840 6
7323 1
7786 10
165 8
7914 7
7496 8
10108 6
3129 8
5708 8
3795 3
1263 3
9095 6
11100 4
11139 5
9824 9
9890 9
11040 10
9388 10
7726 10
4447 8
1267 4
7348 8
7990 5
10414 7
6023 8
232 3
10428 2
8195 8
4203 6
368 5
10381 2
7789 1
2837 2
3414 4
10278 4
7321 7
5124 10
5521 4
9504 5
9367 2
4259 8
6971 1
4688 7
4515 3
5362 3
4702 6
9584 10
5331 2
10327 9
9116 7
6488 7
5244 8
9791 5
840 4
2521 4
1367 9
382 3
4520 2
7138 4
7066 8
5152 10
7727 10
1056 10
2178 3
7747 10
718 3
4600 4
10202 4
423 10
4464 6
6418 7
3841 2
7832 10
9260 6
2641 7
10960 3
5436 3
11001 1
11548 0
1325 8
6055 0
9955 3
6304 10
11405 8
697 7
2599 10
527 1
9798 9
6817 3
4641 7
3873 0
7478 4
9987 3
3880 4
516 4
6957 2
11410 10
10834 3
4880 8
8952 10
2945 10
2480 5
9109 4
8548 7
7501 1
10985 3
8982 2
9615 4
7599 3
9531 3
1822 4
2912 2
5127 3
10550 4
8186 4
1068 1
3377 2
8482 8
4317 5
4644 10
11572 6
9792 6
1709 3
10995 2
1368 6
3701 8
10778 8
7688 10
6903 4
6442 9
11084 6
8521 10
5860 4
3112 10
5309 1
10536 10
1371 7
10846 8
5389 10
5600 5
1539 7
168 3
988 5
6432 7
1710 1
1741 2
4509 6
8550 5
4762 8
3732 3
2194 6
7311 8
569 4
6361 8
7510 1
2299 4
3181 8
4334 0
5986 6
6691 8
3620 2
3857 7
10881 3
7806 7
5402 5
10492 8
7208 8
5814 10
2802 3
4204 6
8974 3
5890 8
6889 10
935 4
9968 8
9676 4
1783 5
10111 1
836 10
4705 10
4076 8
4201 6
892 4
5227 3
315 7
8925 10
4938 7
6138 6
6188 8
6363 6
8819 3
5507 8
9361 10
139 2
859 8
1876 4
495 6
6050 10
7207 5
5366 10
11663 8
10061 6
3884 1
1978 7
1544 9
4650 8
10235 4
7513 3
6787 5
1131 7
11607 10
9971 6
3304 6
10798 3
1140 8
1874 3
7283 9
9501 5
7569 8
5748 4
1872 4
10178 8
6152 5
2210 7
2363 1
567 1
2335 4
10206 10
561 6
9320 2
7212 1
6671 2
9089 6
1655 7
4707 6
5060 8
10087 8
10006 9
905 2
4121 4
10353 5
8300 8
7150 8
11354 5
2237 7
5276 8
10238 8
10391 10
3082 4
4461 2
10814 4
11397 3
10256 2
7388 0
8928 10
8144 3
9708 8
10672 8
11575 8
1664 5
4638 8
9091 6
5430 2
3434 8
5677 2
3162 8
6223 3
1101 2
480 4
11393 8
3773 5
3263 2
2120 6
9944 10
5576 4
2465 10
11627 8
194 4
1971 7
8264 3
9336 6
5515 5
11447 8
8475 2
8624 3
356 5
9043 8
8134 3
9338 2
1481 7
5811 8
8263 10
6589 8
7701 10
6371 4
3473 5
1298 9
2080 5
3719 3
5987 8
6927 4
4053 6
11543 10
923 4
10181 3
6635 5
2333 2
2671 6
10125 8
8133 4
9718 8
1250 1
6208 10
6764 7
6649 4
4894 6
5541 10
84 10
4592 6
4071 4
6052 3
4924 4
6867 8
10581 5
10643 8
6555 4
5267 8
1054 10
1621 6
9492 9
9099 6
6779 9
2712 10
4132 8
307 8
9447 6
2059 8
1420 7
6906 2
4646 8
4199 4
7761 10
9831 7
11212 8
957 5
3577 10
4937 8
4860 3
1188 4
9299 1
378 6
10558 0
4709 6
7679 6
1761 8
10445 6
3886 2
4751 6
5977 0
7758 10
3171 4
630 8
2084 6
3678 8
4704 6
4014 4
9486 9
1492 5
9907 9
8588 3
5021 5
5334 8
5663 4
263 7
5643 4
3051 4
2111 8
108 2
3679 7
4395 0
4757 8
6548 6
5638 10
10710 8
2500 8
6883 5
3991 5
8790 0
1995 5
8303 10
2278 3
5871 6
9368 8
10929 2
3608 10
4060 7
8583 4
7236 3
6612 6
9103 8
9257 1
11684 3
10691 2
9168 10
99 6
10346 0
4187 8
2288 2
3188 8
10718 3
2469 5
5564 8
6365 10
1080 8
1744 6
5625 1
4000 6
2832 7
9793 6
9460 9
3562 8
11052 6
4737 8
1875 2
4550 2
6744 6
7017 4
11495 4
4727 2
11456 7
6156 3
1929 8
3134 8
11460 1
8664 6
2667 2
6857 0
6015 5
463 2
9640 3
7172 3
10334 0
4829 7
253 2
1590 8
2549 8
6727 9
7427 3
9155 4
6309 6
9221 3
4042 7
1691 3
3883 2
572 6
7000 7
1500 4
5687 3
6159 6
9788 9
9454 9
1323 8
10233 8
6576 8
5675 1
10975 7
5205 10
5311 2
9233 10
6230 4
1463 5
9770 4
956 3
5255 3
9648 3
7819 4
10332 6
3057 7
853 2
8591 8
11676 8
2300 2
1943 9
9812 9
5088 5
1738 3
10990 8
8224 10
134 2
5586 2
10800 8
3661 5
7560 10
4569 3
755 1
4098 8
4788 1
2409 5
5423 2
5232 4
5914 4
9333 5
11540 3
6053 6
7333 6
11356 10
3550 4
11165 6
7916 7
10469 1
4885 6
1552 10
1958 4
11149 7
5900 8
7008 0
511 10
7125 4
4308 3
6012 8
7313 1
2 2
7307 0
4849 3
4826 9
6778 5
3727 7
8099 0
2251 1
9011 0
764 1
5901 3
10497 10
4460 3
3937 4
10543 3
9590 1
3050 4
2830 2
8139 1
7822 8
8828 6
7556 8
6493 7
10073 6
6924 4
9069 8
6286 10
2562 3
2456 2
7700 10
8629 3
1815 4
11200 8
8822 8
8558 8
405 8
4484 6
842 4
4465 4
9391 10
8455 10
5649 1
2652 8
8945 3
192 3
7100 1
9691 3
11201 8
11437 6
8866 8
7950 5
11129 5
11634 4
9978 10
601 10
3707 3
3758 8
2615 3
8128 8
299 8
4309 8
3276 5
10422 5
7911 8
302 2
1887 7
1991 5
428 1
1509 7
5411 10
10638 2
9098 4
10330 5
9740 6
10296 2
1327 6
9625 10
7014 9
5881 3
4666 0
1452 6
1113 4
3508 1
28 10
6357 7
5201 3
4873 5
9322 4
5486 3
362 10
3369 10
2250 1
1180 10
10779 6
5053 3
9559 9
9565 1
8313 3
395 2
9859 4
3644 0
1933 3
1581 3
4140 8
7386 8
4531 3
588 8
3641 3
2552 7
4536 8
1919 1
1864 2
6372 0
7575 8
9318 7
10368 6
7752 10
1175 10
1472 9
4266 4
5865 6
5525 10
10483 3
2437 10
1966 6
2799 8
4150 6
5260 8
8544 7
11036 8
7617 10
8540 1
5870 10
3495 8
7334 3
2429 6
1336 7
3395 3
10511 7
9139 0
9861 5
540 10
2324 10
6390 1
8374 6
2371 8
1441 3
7053 10
5584 4
11426 8
6655 8
9376 4
6790 9
7544 2
3956 8
1603 7
11118 1
826 10
6039 6
806 2
1321 10
7833 0
8045 8
4310 0
4872 10
5585 2
9797 7
6312 8
4843 6
4253 8
9991 2
9467 6
11632 4
1586 10
11399 6
7697 4
9727 3
9102 7
6122 8
1039 4
6322 10
2620 9
7009 0
1954 8
3413 5
5524 1
2132 3
8771 2
5419 5
8876 10
7464 4
3613 8
8934 10
6999 7
9028 10
2165 8
6975 2
10566 3
9219 4
10626 8
4850 10
752 8
6768 7
3892 7
4883 7
10148 8
10070 8
3706 8
5763 7
2477 8
257 7
3213 6
3696 10
9047 7
2395 8
9724 4
9228 5
7804 8
9353 4
8508 4
2260 4
3974 10
7078 6
6893 5
4146 8
822 10
3388 2
6562 8
8157 8
9216 10
1040 6
7620 1
4180 4
2635 9
8050 6
9015 7
1839 5
8445 8
6976 3
9398 1
8897 6
3969 6
7909 8
6065 8
3279 3
2313 2
5531 1
5449 1
1144 6
4906 10
6303 8
7414 8
10609 10
157 3
2812 10
8329 0
10525 2
3665 6
6318 3
11349 4
4667 0
6860 6
7268 4
10837 0
4990 6
4387 8
6538 8
4265 3
5725 4
8919 8
11406 3
386 10
3904 7
8076 1
1932 4
6330 10
3449 7
6956 7
8838 8
1720 0
5826 4
7539 2
9328 8
8880 1
800 4
10646 8
9946 3
4574 0
1834 4
5347 10
3521 1
562 6
8586 6
2168 5
8955 6
4409 8
6452 6
5240 3
7630 8
5640 4
1277 7
10328 9
7488 8
10708 6
1556 7
9164 2
11419 10
8046 3
9766 4
9877 5
8227 6
1675 2
1743 5
8330 3
11668 4
3152 3
2616 5
7639 5
10772 10
7844 2
6415 10
1787 5
9204 6
11613 6
5816 7
9570 5
2389 8
5644 2
8795 2
10722 9
1142 2
1314 10
445 4
8351 6
3179 0
7411 0
1139 6
891 0
8695 6
7023 5
1708 1
9280 1
10636 2
2482 8
961 4
11351 8
4293 8
6465 5
7397 8
2612 8
2008 9
4898 5
8706 10
6899 10
5130 4
8370 8
643 8
1297 6
5567 4
2970 4
9081 6
997 9
11227 6
10366 5
4134 10
6994 10
5709 7
76 10
5453 4
993 10
7392 8
5527 6
3262 10
9563 6
2823 8
5965 8
1075 3
7603 10
10991 10
4302 8
2779 3
2577 7
6213 5
6672 8
11320 2
8457 6
143 4
9621 2
5747 4
9970 10
10603 6
8741 2
1899 8
10980 8
4480 8
11623 8
5866 7
6528 6
9234 3
1698 5
2490 10
7676 1
1956 5
2580 9
3343 4
9357 6
1256 8
9041 6
4441 10
8999 10
10727 0
11527 4
1719 3
438 1
5278 10
11664 8
8005 3
2607 4
8532 4
8810 8
4950 6
4182 0
8581 4
11369 8
8978 8
3432 2
10126 6
5170 6
2497 10
7503 3
9160 7
8640 8
7961 5
5173 6
8451 2
2355 3
632 2
5068 4
3869 6
7120 8
258 10
380 8
1812 6
1210 3
10144 0
2181 10
9371 4
11492 7
642 8
3333 5
1650 10
8472 10
10089 10
7492 4
4620 4
1747 10
10 10
1381 7
5823 6
8949 1
8942 1
10761 6
5751 5
7036 5
3064 5
10818 8
10517 8
6746 7
2696 7
8183 8
3622 10
11271 7
3160 8
10261 10
3322 4
1288 5
9291 1
4516 3
8430 8
3438 10
659 2
5467 4
5314 10
6827 6
10378 4
462 10
5221 7
459 6
7429 2
1061 7
10157 8
3518 1
8473 4
5862 2
7740 10
9687 8
3794 6
6106 10
3221 0
1516 7
2360 3
1345 4
5502 3
8728 2
5799 6
1749 3
11166 3
6819 9
10927 5
3761 8
6737 4
7228 8
10027 6
6497 6
6639 10
8976 8
3916 7
10897 8
4587 8
4158 6
2478 8
170 6
10382 8
3572 8
4759 6
1780 6
5102 6
9194 5
9906 6
11000 8
8447 10
4046 5
3401 10
9895 5
9187 9
431 3
3839 7
7081 5
10600 8
3617 3
7354 8
5778 10
5393 3
5476 8
11545 3
7571 8
8830 3
1475 2
1542 6
3454 4
89 1
2433 10
4022 3
1520 6
6305 10
8333 3
6993 8
1568 9
6904 10
1619 7
11267 7
796 3
9126 10
7696 10
3022 5
10335 2
7602 0
4916 3
8016 10
3670 6
7567 6
1067 7
1985 9
11564 8
2225 7
5323 3
7360 8
9759 2
5118 7
1693 0
8947 1
11642 6
5187 10
288 2
3959 3
9262 2
5355 10
8580 6
5664 2
10162 8
11232 9
6082 8
8197 8
1194 8
10348 4
8535 4
10479 0
11573 10
6537 10
11520 4
10596 7
3834 8
10200 10
9580 8
11234 3
5678 4
10078 4
4028 6
5561 1
1740 2
8378 10
7987 8
6965 10
3125 5
9297 4
9471 8
2636 7
7994 3
7291 6
1366 5
5617 3
4902 7
9889 9
3728 9
3265 4
359 8
3020 4
8893 8
4758 4
3509 10
3547 4
8448 1
7565 8
10618 10
5831 3
9184 8
8622 6
5999 9
6419 9
8937 6
5668 8
7577 1
9741 6
10164 4
7852 4
5169 3
103 8
9853 5
3126 6
3987 4
5131 3
2252 4
9346 7
4328 5
7771 3
10713 6
5970 3
4215 3
11387 1
10239 2
11157 6
9764 9
6428 9
6921 6
8119 8
7181 4
3461 2
8406 8
1813 4
10213 10
8341 1
8584 5
990 6
11077 3
6340 4
7913 3
8201 0
3751 10
8396 4
7221 6
4981 9
2383 8
1394 6
9150 6
7226 1
10813 8
6995 8
1824 3
6939 8
7310 10
3054 8
9195 1
3115 6
6155 10
11674 10
4264 4
2305 1
6127 3
10465 8
10797 2
9063 5
7657 10
10864 3
7608 5
421 1
4213 5
9370 0
7289 6
9830 9
5897 3
8294 10
9062 7
3741 4
8889 4
8392 10
10728 3
2602 10
5358 5
7246 3
7524 8
3081 4
11602 2
4273 10
625 1
10212 8
6573 3
4261 4
5848 9
4424 7
2988 0
8081 5
7966 8
1595 4
6175 3
3503 4
5549 3
4025 9
8648 7
7673 1
270 6
6584 8
8237 10
11130 9
2962 7
5543 8
312 2
10406 3
9734 3
8527 6
1494 4
9049 3
7766 8
2261 1
486 1
355 2
10570 8
1519 10
3903 10
10754 10
10862 8
2963 10
4756 4
2650 8
5636 10
4495 8
11347 7
7592 8
2410 4
7399 10
1522 6
646 4
821 8
2144 7
8903 4
5320 0
1374 7
2013 6
4459 2
10072 0
29 8
5806 1
6380 6
8683 7
946 6
5589 10
3199 8
1636 6
1238 6
11390 7
4210 9
7615 6
6134 10
7058 8
8423 8
8185 1
5753 2
1624 6
5554 8
2587 5
2119 7
333 2
4235 8
5074 4
2977 8
7347 2
10467 8
5915 8
2655 8
9658 8
58 10
8246 4
3370 6
7315 7
652 8
1796 5
4277 5
920 4
10932 10
9571 2
2317 4
8767 8
1955 3
955 5
1666 7
2315 2
1123 8
4918 7
6179 3
5924 4
1493 4
6750 9
11440 7
5523 4
9810 9
3451 4
10508 5
3481 8
4767 0
3270 10
7242 5
7507 1
8723 2
4296 1
8297 3
5796 3
3868 1
5602 10
5528 3
5740 6
7751 10
7831 3
4859 8
3597 6
3168 8
9586 3
9452 4
7395 7
9278 4
1579 0
1620 10
7183 10
23 4
7600 4
8161 3
7596 4
2249 1
715 7
4927 4
6535 8
5790 6
7857 3
7124 3
9188 5
9458 6
3009 3
10449 4
6057 0
1249 8
5056 3
9869 5
7906 3
1312 6
6224 1
10159 5
5107 3
374 4
7522 3
11333 10
7621 8
9951 8
6823 3
6623 8
2348 10
3328 6
8924 4
7244 5
7627 10
8276 0
6044 10
7203 8
1850 10
11064 1
500 5
5510 8
126 10
435 1
776 6
7597 6
3215 1
10593 2
6877 2
9683 3
5292 6
10810 1
7186 3
5656 1
10759 8
5770 0
8918 3
3329 6
1797 0
11503 1
5216 3
106 2
5400 1
11374 7
4686 6
8230 3
6100 2
8410 6
10847 1
531 4
10795 2
1166 6
548 8
1808 6
5723 10
2245 1
8721 5
6854 10
5825 7
2130 8
3110 8
10019 6
6461 7
210 10
2081 7
9125 3
2388 8
9307 2
5993 5
2598 1
7907 10
404 7
8938 6
6508 3
2193 6
11567 4
2224 7
2491 3
10118 8
11605 5
11261 10
4721 8
3984 10
9284 3
3384 4
5217 4
6408 6
5612 8
331 3
3610 6
9200 5
347 10
5460 10
547 8
9127 0
8309 8
6945 1
8708 3
10268 5
8659 8
2972 6
7945 5
8240 10
6449 7
10316 7
6229 10
5413 8
3458 1
11224 0
994 8
5288 8
9348 4
11658 2
10396 5
1678 3
10160 3
1271 8
10519 4
8973 6
10424 3
593 2
8206 8
9377 10
11681 4
1396 7
4947 10
7643 2
9137 6
5629 4
2172 10
8272 10
7241 1
10764 4
9487 9
4236 4
8547 6
9773 9
9802 7
411 2
2634 9
9442 6
8495 8
2581 9
9635 3
4612 7
8652 0
4812 3
10610 6
3774 8
693 7
11334 10
6466 9
8523 10
3187 5
10460 8
4018 2
4089 9
7930 3
7211 1
11035 8
9324 4
8694 2
5000 5
9710 3
9546 8
3656 4
7782 10
5506 0
1651 5
4714 2
2382 4
9444 10
11222 3
7980 3
1829 10
5545 4
9960 1
4492 3
1468 7
907 8
9331 10
5234 8
11411 3
9414 7
11412 8
9574 2
2605 8
4263 4
1464 10
2202 3
1407 6
1174 2
11322 10
7067 3
560 10
8815 10
2122 6
3106 2
7699 10
7088 8
11442 8
11132 7
4970 1
6909 7
9790 5
4681 7
4037 7
10438 4
2417 2
6661 3
10898 10
10557 8
11467 2
5902 3
5609 8
10082 5
1949 5
8485 1
873 0
4205 5
2950 5
9209 5
7259 3
2023 6
6031 7
3674 8
663 10
5750 8
4163 6
1831 5
5316 10
7637 3
10404 4
4030 4
727 7
4610 2
6278 4
7421 3
10021 7
9804 9
1648 6
2979 3
2222 9
9836 5
10560 3
5009 6
3756 1
9114 8
10290 10
7763 10
2621 9
6367 3
6960 10
971 8
4858 8
8990 4
1433 6
8572 10
1160 8
7204 3
10054 5
959 5
6069 8
9226 8
731 4
3095 10
9445 10
130 6
6792 8
3307 1
5424 2
10868 8
5685 1
10984 1
496 10
3760 1
4152 10
10415 7
3379 8
3334 10
6108 3
5738 8
5953 1
185 2
2030 8
8585 2
320 10
3659 5
10788 10
2191 10
3722 6
7012 6
7326 1
4876 3
4102 6
10956 0
4174 10
6279 10
8616 10
8156 7
10127 3
8164 6
7681 10
847 10
1304 2
4286 8
7105 1
7199 1
6109 5
6231 6
11501 1
2771 3
6146 8
769 8
1057 3
3390 8
4209 9
9110 8
2135 3
5496 8
6758 9
11239 7
3013 1
212 8
152 8
9567 8
3691 3
2247 10
2413 3
456 1
8108 5
6586 10
8282 3
10380 2
8089 1
4173 0
5851 1
2330 4
2034 10
3271 8
9054 8
5272 8
10504 7
1092 10
3261 10
2275 10
791 8
5339 10
10314 8
6967 9
6468 7
7116 3
102 10
9290 8
252 10
4275 8
6840 1
8400 8
7739 10
8707 3
7974 5
383 2
10654 10
6600 10
9189 9
8127 1
6636 7
10307 3
365 8
8364 0
1355 5
298 4
734 4
3888 2
5067 8
4342 8
6786 9
8060 3
10075 8
9129 1
5369 4
636 2
10549 8
7714 10
418 2
2608 8
2047 8
11321 8
6325 2
733 10
9765 6
1947 9
10668 3
11072 3
5156 8
4710 2
244 3
8783 7
11427 2
1537 7
4007 4
545 4
5203 8
4023 7
7972 5
1319 2
680 1
1551 9
5428 2
8725 2
7948 3
4956 7
7260 1
1597 10
10785 10
10599 6
5598 2
10551 8
514 6
7393 3
184 2
621 10
4802 3
1016 0
1170 8
6521 8
1809 4
10657 8
6267 3
6798 6
8490 10
1205 8
193 4
1582 8
7390 10
7083 9
10496 10
7282 9
3917 2
9004 1
1806 4
1022 8
7645 10
3205 8
5351 2
10659 8
5633 4
7839 1
8667 0
698 5
4825 5
1076 0
1169 4
10524 6
1049 3
11444 6
5065 10
2116 6
1912 6
2262 4
2055 6
9995 4
5684 1
6966 8
3557 6
5676 2
2706 7
8779 4
10155 3
5932 10
8726 2
4206 7
120 10
3905 6
2952 6
6116 8
3175 8
11561 8
1819 7
10431 1
3260 10
1202 6
5592 3
8831 10
4989 5
8324 3
4323 8
2303 1
6935 3
4589 7
6492 7
3416 6
6276 8
107 2
6766 6
1724 4
1023 8
11202 8
11589 8
8048 8
577 10
5238 2
2281 3
7424 3
9688 10
9660 3
8208 3
10190 6
2818 1
1466 7
10097 7
6445 10
6998 1
6846 2
1641 4
3669 5
6222 8
5119 6
1979 9
3945 8
8662 6
2546 3
2544 8
8539 8
833 10
1777 10
1496 6
8414 2
7574 1
11236 9
6199 7
8079 6
10875 8
1781 7
3882 8
4597 6
6037 5
3478 5
47 10
4835 1
6256 5
8285 5
5035 8
7691 8
7593 6
5160 10
11594 8
2341 2
8593 10
8315 3
9154 8
1038 8
377 10
7263 3
424 3
9275 4
5641 3
1759 4
2856 3
6685 1
1860 2
10336 1
2981 5
4159 6
7830 3
3340 6
8682 10
3011 3
11071 4
6684 10
4683 5
10258 8
1968 7
340 4
8841 10
10612 5
11599 8
11121 7
2603 0
3705 6
1204 10
5819 7
2533 6
9868 9
3963 4
4665 0
3345 3
10737 7
2227 9
6565 8
10482 8
161 10
7175 0
4036 9
6379 10
11454 3
7191 6
9381 8
3142 7
10076 8
8835 2
4809 3
9639 3
9825 6
4571 8
8332 8
8555 10
8578 6
8487 8
6455 2
9757 10
4651 4
11171 8
1338 6
9937 6
6226 6
6646 10
5359 10
9606 3
10192 6
410 8
4815 3
7685 4
7043 10
10910 8
1046 10
3791 8
10376 2
5033 3
4438 6
2761 6
513 4
4279 5
748 8
5360 2
7604 7
11432 8
9483 10
9106 8
498 8
9082 10
6189 10
8417 10
5378 8
3865 10
3097 4
4842 8
10373 10
10805 5
3327 5
6431 6
11328 8
4755 6
6170 5
1934 1
6382 10
6214 10
2688 8
3549 2
6821 5
2583 9
464 10
9399 1
7840 3
11692 4
3716 6
4212 5
5482 4
7511 7
9432 7
9045 8
8311 8
3366 10
6066 10
3936 7
9630 3
747 5
8437 0
7197 7
474 10
7690 10
9506 6
301 6
2995 4
9412 10
1976 5
6570 8
4673 5
6580 4
11092 8
8146 3
220 8
1036 0
1983 5
6195 3
10140 8
607 8
5593 10
2572 9
5178 7
2195 4
9992 7
8604 1
559 10
5571 1
1459 6
5499 1
137 4
9130 4
8434 4
5917 2
8923 3
4836 8
3714 7
9582 10
5787 7
7598 0
9355 8
8894 6
447 0
10205 4
4907 8
2517 8
7232 4
6443 7
6142 10
3117 4
3010 3
2028 6
9743 4
11673 1
3766 8
6647 5
6871 3
8266 10
11061 2
8010 2
889 4
9196 10
9427 9
1239 5
4729 4
1086 3
7249 3
4533 3
4428 4
9997 8
5634 10
5100 8
4854 3
9479 8
3361 10
8837 4
2539 8
2106 9
9653 4
2871 10
5957 10
2021 7
9515 6
841 6
5899 8
1658 5
789 2
9519 2
8302 3
911 8
7936 3
925 10
1119 9
11525 8
4618 10
7351 4
3466 10
5821 10
3587 3
6937 3
756 10
10630 10
5104 6
10542 4
11143 7
10978 0
4987 7
8053 10
4722 8
10537 9
2327 8
8218 3
3949 8
8775 0
4347 5
10816 2
8422 4
5518 4
5758 3
5733 4
7979 8
2624 6
11485 10
9380 10
6270 5
8512 1
3965 10
10473 8
7 4
8935 3
6186 3
3147 6
3489 2
10529 8
4069 5
10757 4
11593 8
4384 8
6643 6
3287 2
8035 5
3098 10
1574 10
3367 8
3763 3
6504 10
6288 8
3918 7
4905 7
7794 8
4819 10
10427 6
7007 7
1631 4
8244 10
6866 0
7977 3
4625 8
6358 2
1132 8
10515 6
6240 6
4343 6
10313 6
3269 10
4541 7
10398 6
4664 10
7850 10
8617 2
8515 10
10912 8
3913 8
5558 2
5845 4
6060 7
387 10
10675 8
7735 10
4394 3
982 6
10423 8
3163 2
8543 9
10188 3
11243 7
11039 1
544 8
9030 7
7162 10
2907 2
6464 9
10457 8
11629 6
6275 3
6360 8
10619 4
6891 4
2676 3
5315 8
10263 8
2512 8
5384 10
9637 10
9711 3
7792 2
8279 0
10670 5
4295 4
10286 0
6502 7
3275 10
2563 4
2639 7
8864 8
9620 2
6308 3
6182 0
10204 8
3893 3
2816 6
8916 8
7209 10
9709 3
2744 1
4606 6
1351 6
4572 3
8680 10
7940 10
8072 5
6861 8
8412 6
189 1
9954 3
1053 3
10114 4
9540 2
9816 5
3743 7
1474 7
11075 6
2216 7
7918 2
4172 6
11256 8
793 4
7287 8
3718 5
8759 3
6022 4
4577 8
10447 8
10329 5
8596 3
6420 6
3602 6
10953 8
436 2
11352 2
2376 2
1987 7
11592 8
2656 5
575 8
2790 7
10716 8
6411 8
5301 2
140 2
2175 8
36 4
3488 5
8063 1
987 1
8267 10
6782 5
7611 8
136 8
612 10
4435 10
11653 3
5912 10
1801 7
5052 3
11608 8
2011 5
2822 3
4545 3
5563 2
1967 7
284 7
131 2
4177 1
10916 3
9627 1
3537 1
5257 10
864 6
5906 2
8641 3
481 8
8860 8
6820 7
9901 5
5735 1
2316 2
396 10
9931 2
5771 5
4695 10
2331 8
6887 3
2843 2
11585 8
3317 7
8686 6
8143 3
909 6
9602 2
1125 7
6448 7
9763 8
6289 7
3146 6
7418 3
7663 10
3996 7
4357 5
10744 3
3422 2
3700 0
7799 2
1275 10
110 3
10971 7
606 6
949 10
2854 9
9401 4
7929 3
9677 8
10917 8
9306 3
10817 8
3693 8
9762 10
1892 7
6807 8
2475 8
2633 6
7671 10
4100 3
4249 6
6540 3
6356 10
9548 7
4340 4
6064 4
8114 8
9733 2
4608 4
5394 4
7711 10
6704 7
7835 8
6711 10
3724 6
8649 2
5256 8
947 4
10871 10
2782 4
2051 6
6035 10
9031 9
1555 6
8742 2
3964 10
6294 10
4064 7
6726 6
7409 10
2982 10
10533 6
8672 6
4611 5
8716 6
1030 5
3524 1
3256 6
4631 8
9073 8
5165 3
2644 9
8020 2
1482 7
1456 1
1018 4
6868 0
942 3
6157 6
5813 6
11687 0
8546 9
3590 8
10387 6
10333 6
11546 3
6585 1
6506 9
3783 8
9213 5
5820 8
9474 4
9641 3
7146 10
2368 2
2082 6
4024 8
5399 10
4141 6
5935 7
4614 8
6364 0
7269 6
4811 10
3484 5
8511 8
2092 7
11661 8
2002 9
8453 5
2005 4
3923 8
9527 6
7210 4
390 8
9088 4
3980 3
6653 8
9744 2
9227 10
2834 6
6564 5
6071 10
5520 5
11435 8
412 2
1659 9
5151 7
507 1
2558 7
9273 8
1711 7
6046 10
6702 3
4845 1
9587 8
6352 8
9359 5
5996 5
10773 6
5212 10
916 0
8793 8
5337 6
4426 8
7561 6
10375 6
10216 10
5078 8
5762 4
7013 8
1414 9
5473 6
8657 0
7485 4
4237 10
4130 4
8150 1
9457 9
7082 6
10331 9
4370 4
10499 2
6463 7
9984 4
10199 10
8552 0
2068 7
1388 9
11448 8
11439 1
7769 10
3308 0
2430 4
563 1
9186 8
7989 8
804 3
11233 6
7552 2
11366 8
11332 8
8933 10
1517 10
9690 6
2007 9
2405 4
3507 8
318 7
10577 8
2765 3
1209 6
2246 1
1973 6
9423 3
2959 8
5189 8
3930 0
973 8
6509 8
818 8
394 1
10000 8
1157 8
2356 3
4818 10
2794 8
4419 3
1779 4
4118 3
3393 10
4877 3
2217 7
10420 10
2334 2
10585 4
6410 8
635 2
9345 3
8800 7
2965 5
8397 10
7223 3
9585 2
7836 0
2739 1
6171 9
4983 7
10489 8
217 10
11458 7
2702 6
5961 8
7731 10
10688 8
10437 6
4594 4
6824 3
3349 8
4749 1
7664 10
10439 8
1988 7
4171 4
9303 6
10644 10
1695 6
6145 5
857 4
3091 8
8551 3
8187 4
8579 2
11219 3
6829 6
6080 8
582 8
11509 4
8733 2
9589 3
7985 8
11338 7
3233 4
7548 4
11535 8
9800 9
991 1
10840 8
6362 5
602 3
7795 4
5157 1
9436 3
1778 10
3210 8
8859 2
5136 2
9296 4
1208 10
1117 10
11507 3
9618 2
6283 7
876 4
3036 5
9689 8
3197 2
1215 5
5197 9
3703 7
11107 8
334 4
2738 5
823 8
2795 6
595 10
10914 1
3581 3
1253 1
7119 10
175 6
3977 8
6851 8
1835 10
986 0
8314 10
9248 2
2693 8
8781 3
7384 3
6375 1
1725 8
2259 1
4655 8
7749 10
1671 5
10362 8
2014 9
5548 1
618 4
10887 8
11655 4
449 5
4579 0
8232 7
8372 0
3588 8
9979 10
1937 3
5494 8
3998 6
8658 10
537 1
2651 8
5054 8
6530 1
11518 10
1273 4
151 6
4131 7
7849 3
4581 0
9887 7
5652 3
9846 5
11119 6
1377 6
1268 8
1424 9
10700 8
11169 3
1629 9
8242 3
14 1
1315 4
2919 10
9335 2
2362 2
5092 6
6876 7
9591 3
10394 8
7520 7
11644 10
5353 6
8554 8
8225 3
6858 10
2595 8
1364 6
4630 1
9052 6
11384 3
3981 0
4514 4
3375 2
10377 2
5284 10
1112 10
9136 2
3995 7
3710 10
1836 7
2267 1
8526 3
8885 6
3113 2
4043 9
2162 6
9818 7
8054 8
4143 10
1998 9
1907 2
4857 3
7064 3
7086 1
975 4
2588 0
7330 8
204 4
3510 8
6662 7
7958 6
10528 3
1081 3
1432 5
439 3
1402 9
9128 3
10009 4
7953 8
10730 7
2184 5
10567 3
2850 2
589 8
7934 3
2727 7
5046 10
3254 3
4627 4
10790 0
10776 8
8322 8
4591 3
3563 3
6117 8
11475 8
9244 2
4601 10
6832 4
1226 6
4999 5
337 8
10093 8
6670 2
3894 7
10123 10
11598 6
8595 8
5785 6
10462 7
172 8
7529 2
3052 2
6740 6
5670 1
3924 5
6795 4
11150 2
2279 10
10267 5
7970 3
8317 8
2434 8
2038 9
2182 3
1758 8
738 7
2294 1
6341 4
7051 8
8373 8
7230 2
10350 3
10448 3
3332 9
316 10
4129 8
8563 5
6032 10
8509 6
4297 6
9662 4
1982 9
1105 2
9383 6
11532 3
6988 4
2070 7
8517 8
4068 3
10780 3
5468 5
8846 7
1473 7
6271 10
8381 2
159 8
3164 8
3172 8
7813 3
9148 7
10631 2
5264 8
2248 4
473 10
1181 3
2642 2
8306 7
2329 2
5023 3
150 10
9980 7
9914 3
2343 10
5844 9
8607 0
8223 8
9124 3
3876 8
2486 3
2209 7
3531 10
5962 8
2203 0
10036 4
4765 8
3768 2
11179 7
8987 6
3475 8
7843 1
1679 8
5503 10
7304 8
478 10
9827 9
9808 5
3153 3
9087 6
4636 1
9060 3
814 8
8382 1
3194 8
10195 6
5620 3
9198 2
11611 6
11365 2
4680 9
9833 9
8365 2
2548 0
7275 3
5287 0
8355 3
332 10
3682 10
6801 6
1610 6
5604 4
6161 0
9915 6
3720 6
11183 7
8699 6
1052 3
8287 6
1714 8
11504 1
2536 8
5268 8
6478 9
11510 8
8789 4
4957 7
1431 6
7068 4
9857 6
8413 4
7463 3
1637 4
8932 7
5711 2
1237 4
8786 7
10395 4
730 10
6507 7
2591 4
7352 10
10129 10
8376 3
4920 6
9466 5
6732 9
8738 2
4049 5
171 8
5463 2
1149 8
9530 8
10865 3
5963 8
1389 4
608 3
551 8
6429 7
8284 3
6198 4
1774 4
11519 3
2254 1
4505 10
11246 5
2745 10
4745 7
1041 6
440 2
6235 5
3363 8
5879 10
5312 8
10781 0
3779 7
5843 6
2673 10
1870 2
8389 3
7074 6
293 6
3470 2
3499 10
9263 2
10067 0
9305 10
2265 4
8670 6
2115 7
4941 6
6174 7
9424 5
10886 1
328 8
8286 6
1382 5
4580 3
4701 8
1794 8
3684 5
11595 8
3402 4
10775 8
10004 8
5070 10
10624 10
11373 8
4269 8
3273 10
6265 8
6255 4
10352 7
7214 4
7662 10
5168 2
7715 10
11196 10
9513 6
4079 5
7587 10
4604 6
265 2
3437 5
10943 10
2421 4
751 6
1233 2
10044 1
1515 7
8587 3
11272 1
8911 8
1613 9
3272 4
11615 8
3688 8
4507 4
9973 5
10649 8
1320 5
3012 8
10435 4
2286 8
7917 8
613 8
7760 10
4195 4
10582 8
10337 5
11578 4
2627 5
6505 6
8178 8
5538 10
7179 7
4866 8
4274 4
1994 5
283 9
9712 3
8676 10
8248 4
1229 7
9070 10
1524 9
5837 4
5395 4
1116 4
3730 3
10698 4
10711 0
6486 7
8182 3
709 4
8383 10
86 2
5375 4
2425 8
1884 9
4073 2
4482 6
1816 10
1553 4
4156 5
6043 8
8717 4
8055 3
3397 10
6183 1
4070 2
7654 2
7626 5
1694 10
127 3
2085 1
1632 10
7306 8
9279 10
8281 1
9267 0
1838 6
2439 5
5908 4
9343 2
5354 10
6451 9
1689 5
4578 8
4544 7
7573 8
2208 6
1206 8
668 5
8137 10
22 8
9495 7
9631 5
8971 8
5342 2
6997 1
9441 6
674 4
6919 8
6 4
3198 2
9787 9
5659 2
8130 4
7163 6
1234 3
5560 2
940 10
6822 10
2158 9
10998 8
8849 3
1393 6
1752 0
2379 2
3313 4
2692 6
7355 8
13 8
306 8
7417 10
9985 2
2927 2
10674 7
6984 1
11398 10
11617 1
8387 10
8347 8
5777 8
10405 10
958 1
6955 7
7748 4
10854 2
3463 10
2241 10
10034 8
5764 2
3852 6
5745 10
1765 8
10319 7
1712 10
6578 5
1177 8
1439 9
3664 5
9268 1
8368 4
10620 6
8354 8
8102 7
1073 6
2585 9
1528 1
10831 5
5112 10
9815 7
609 8
11539 3
4006 6
1697 4
6869 0
5194 7
7219 7
6103 10
11026 10
7744 10
5722 10
1851 5
7526 9
6882 10
6370 3
4122 4
6637 5
8204 2
285 6
3039 9
9679 8
10692 3
10029 3
11516 8
3675 8
7254 4
8044 3
4719 8
7111 8
1640 8
7802 5
3431 2
2296 4
1198 1
1230 5
391 1
9158 9
10522 6
1609 5
10451 8
6862 0
6806 8
10484 7
7257 3
1352 7
3500 2
11505 6
5705 8
9404 4
7754 10
1578 10
3220 10
1429 9
6741 0
2442 1
10652 8
4344 10
7271 6
5034 2
4643 10
3736 10
1391 9
10921 1
1192 6
7814 1
3417 2
9823 9
6441 7
7851 3
9462 6
9197 2
1071 3
4154 2
11033 3
5976 3
2109 7
3612 6
8744 2
10464 6
8394 3
3854 4
352 10
5756 6
11117 7
9749 7
584 8
11046 10
6475 9
4113 3
7004 9
1993 7
10689 8
739 7
4725 10
9617 2
3324 1
7475 8
5089 9
7184 6
3919 3
1064 5
3856 10
9340 10
8293 8
7431 10
9046 10
10276 4
655 10
3346 3
2742 3
11070 10
3830 7
5421 2
9533 10
114 10
7298 5
7500 1
4278 5
8443 10
3850 6
6716 7
10175 3
2530 9
5259 8
9619 2
2094 4
8823 6
2701 7
10068 3
1220 0
2729 5
832 8
6714 3
9313 6
11197 0
7746 1
8404 10
3606 8
2118 6
10116 6
2509 4
11431 3
1019 4
1791 2
5437 4
11587 8
10704 0
11640 1
784 4
11636 8
2244 6
2097 7
10725 9
5726 4
6285 10
6892 8
3285 4
3900 10
779 4
1547 4
7720 4
2436 4
7251 10
526 4
10433 5
1558 7
4125 8
4123 8
6273 9
203 4
10621 8
7613 2
2196 6
10040 8
6118 6
5610 4
8613 8
775 7
10383 4
7767 1
4251 8
4806 3
968 3
5701 10
8489 8
7964 5
3250 3
2610 10
9161 4
2458 10
4713 6
11468 1
7316 7
3855 8
6925 8
9426 10
4994 6
8839 1
6033 5
5691 10
5094 5
7405 8
1742 10
10410 10
5236 3
11058 1
4319 6
3464 4
8600 3
8615 8
6596 2
11216 3
5704 1
10407 1
6473 5
4423 3
8480 1
3185 0
3353 10
4412 4
4103 1
7680 10
4065 3
7993 7
7750 4
11225 9
638 5
117 10
5295 3
9100 7
2215 9
772 3
5190 7
7790 10
9039 8
8500 6
1001 10
3318 5
9819 5
4934 8
9347 5
8569 10
10920 2
11263 7
1281 8
11474 1
8061 5
9805 7
5181 7
10606 6
6666 10
10323 3
9459 6
11363 8
93 4
1356 6
6658 10
73 7
11142 7
7636 0
5783 6
5789 6
10254 8
9772 9
8702 9
1348 5
5930 6
3462 10
4382 4
8768 6
5759 6
11133 3
3042 6
2103 7
3109 1
9132 3
8756 1
1577 3
10709 9
5588 5
7026 8
182 6
6081 4
6713 4
5250 1
1099 2
3166 7
5595 6
2136 4
4067 4
6083 3
8175 8
4144 3
6296 4
11109 6
7943 3
11006 7
7525 3
7986 2
2954 7
7076 9
11558 3
5361 10
5146 4
1703 1
2499 4
10860 8
2426 10
10385 2
10811 4
2750 6
9803 7
4301 5
7935 0
4615 5
8592 6
1141 1
4381 4
5637 2
10322 10
11524 3
9166 2
8522 10
10907 8
4338 4
7678 6
2029 4
704 6
6430 7
1502 9
7433 5
9572 7
7515 3
10207 10
2274 4
11500 7
5469 10
1873 3
7628 8
6974 3
10923 8
4995 4
5804 7
4202 10
9253 10
7742 10
6873 0
9053 8
4312 5
2375 4
6427 10
4019 3
11446 1
10063 3
292 8
6983 3
649 4
2100 8
11115 9
10001 2
5575 5
2836 10
5446 1
10139 10
1120 9
4763 8
4291 5
9428 5
10625 5
3008 2
10641 8
4922 8
2574 10
7528 8
7054 3
9145 8
6287 4
2759 5
10587 4
8399 8
10215 8
11355 6
3797 7
7217 0
10804 3
6970 5
1866 2
8416 10
8630 1
535 4
4942 4
9301 10
4233 3
10245 6
8975 10
834 3
2531 4
135 2
5991 7
4735 2
6901 4
5542 3
2862 4
3191 10
2373 3
4303 10
5159 2
111 10
7566 3
11103 3
3942 8
1308 7
10989 6
11168 8
8088 5
9892 9
8251 4
8574 4
1656 5
6601 10
4462 6
10149 10
10969 0
2526 10
10037 8
9036 8
4553 1
10305 10
8567 8
2183 4
7077 6
3111 8
4001 9
10825 0
10065 3
913 7
7113 7
79 4
6947 6
2229 8
1274 3
4031 9
7309 2
8335 8
6058 0
3192 4
11159 4
9321 8
3483 3
1530 7
4466 7
5793 3
8506 4
1525 7
419 8
5855 8
11273 1
8614 8
4901 7
8111 6
8305 10
10857 2
3506 10
5447 10
9536 8
6298 3
6210 10
5988 10
10103 2
8253 3
11218 10
8259 8
3753 1
8735 2
9214 7
6855 3
7059 4
4493 6
11686 1
1612 7
8698 4
9738 10
7753 4
5058 6
10681 5
11383 10
11163 2
5512 3
10450 3
1264 8
11037 6
2629 10
5724 1
8450 4
2471 1
11364 6
9503 6
3180 0
7413 8
2310 10
10796 7
7462 10
8419 0
2074 7
7122 3
917 10
11122 2
5833 1
7389 3
2423 3
9692 3
10441 2
9607 10
5984 7
7027 10
207 10
6526 10
9489 5
5252 5
10762 8
7920 2
7387 10
8884 7
9319 6
330 5
8331 1
707 10
8011 2
10664 8
2668 5
9593 10
9360 2
1291 6
2984 8
8250 0
1311 8
6934 10
4506 7
1898 10
6759 10
426 10
2757 1
310 4
11665 4
8494 6
6802 8
10662 8
7359 6
8420 8
1301 6
8129 10
9876 9
109 8
4398 10
8037 8
8883 8
9162 2
9912 9
9646 8
5215 3
6121 6
6067 8
10539 7
286 7
4429 6
4546 10
8065 3
1182 4
11249 5
6917 2
2996 1
3765 8
7401 0
6701 8
2432 10
657 4
7944 5
2173 8
5269 8
325 3
3294 8
10488 3
7640 8
3016 8
10041 8
6348 5
1199 6
8469 2
5377 5
8798 6
8109 1
3435 2
147 8
5508 5
6169 7
660 8
9229 8
10443 8
5975 3
10324 5
8953 3
7675 10
4009 7
5458 2
3993 7
8882 4
2474 7
8167 5
1486 7
2906 2
10338 9
9491 6
4965 3
6627 3
2054 4
2163 8
3835 8
4117 8
2233 6
4659 4
5480 8
6292 10
8273 0
8298 4
4234 1
1676 10
8712 4
3195 7
4386 8
8770 10
7481 6
5018 8
3311 4
3658 8
255 1
2257 1
8820 3
8211 6
7728 10
7635 2
10850 0
10736 7
11248 7
5348 10
2748 1
9058 6
5218 2
129 6
1728 1
7722 10
11542 3
732 8
11415 6
1900 4
229 10
8646 3
6818 10
5556 3
9509 9
6849 10
125 3
6592 4
5219 2
1300 9
1859 2
10588 5
3314 1
11350 2
4137 0
4622 4
10481 1
6512 2
8191 0
6964 10
2369 6
3864 6
8202 0
6204 8
323 3
11054 4
6773 5
9594 2
9542 8
1602 2
3131 3
6774 9
503 3
6217 4
6812 3
10562 8
6435 5
9392 10
2166 8
246 6
7035 9
10386 2
7340 1
637 6
3030 3
9312 2
2645 7
11094 5
9507 7
9974 2
128 2
5344 6
7669 4
3184 1
10572 5
6900 6
11443 8
2146 9
7302 8
4418 4
4133 3
10531 2
10673 7
1782 2
3983 7
3837 7
8220 10
7647 10
10168 3
6940 4
487 2
9670 6
2454 10
6794 10
8799 8
7338 3
3689 3
2459 4
4433 10
3712 10
4440 6
885 3
6397 10
7984 5
11422 8
7775 1
2663 10
9847 9
11494 2
1151 2
2415 8
7141 3
3138 8
8421 10
1335 8
7555 1
1748 3
2518 6
2852 4
4190 0
11170 6
5439 10
1828 0
8524 2
4153 6
2561 4
1358 6
10712 6
4477 3
6105 2
3465 2
407 4
8505 2
4969 10
7988 3
1047 0
5936 7
8342 8
2357 2
9040 5
5801 3
8124 8
7527 3
1159 2
5546 2
6990 5
7045 8
9745 3
2797 6
4837 1
2479 10
3517 8
6723 4
9494 6
2337 3
1885 7
7823 0
5432 1
4698 10
4238 3
11013 7
3118 8
5599 5
2948 4
3902 8
1051 10
8714 5
3666 0
6070 4
11266 9
7336 7
9975 6
3124 2
11449 7
7610 8
4635 1
5066 4
3560 4
5995 5
4822 6
9190 7
5071 10
8442 8
5591 8
11101 5
2669 5
5727 2
8936 8
1645 6
3137 8
4413 10
6212 6
1692 8
9943 8
5916 5
2672 8
797 3
3680 10
10997 10
10372 5
8380 3
9203 1
7155 1
1505 5
10683 10
1883 6
774 1
7547 2
3320 2
2150 7
8073 3
9562 2
10885 10
4616 10
5072 8
6599 2
2179 3
1942 8
8956 6
2725 5
5233 10
1605 7
3119 5
5553 8
4532 10
11368 2
568 8
10284 3
11253 3
3068 6
5828 10
7825 2
8921 8
6377 10
3105 3
9610 3
6194 6
9469 8
9120 7
7369 4
10755 4
5470 10
6881 10
6061 10
4988 5
1608 10
11583 5
9356 2
1285 6
8059 3
2476 5
2342 2
8575 6
11488 3
4305 5
7809 5
2464 4
6482 7
3298 5
8468 3
7954 5
7562 2
5329 9
11076 8
11614 9
9378 3
5945 4
685 7
1518 9
5661 4
8732 3
11434 1
1611 5
11144 6
5368 5
10667 6
11220 10
4436 10
8349 8
6708 6
2403 2
2760 1
4270 4
510 2
9389 8
3933 8
6629 7
4910 9
5616 2
3846 6
9395 8
6197 4
10112 3
2170 8
11560 8
11436 3
7215 8
8780 2
8665 6
4640 1
9844 7
1628 3
4107 4
8908 5
2420 2
3150 8
10699 2
7101 1
6221 3
3580 4
8041 8
7165 2
2053 6
7428 5
9896 7
1879 2
8403 1
7951 5
1793 2
6676 1
7123 3
3208 8
5135 8
9575 4
5477 10
6200 1
10259 7
4566 7
6941 8
7093 6
7134 0
2220 7
2285 5
10583 2
10782 8
8221 10
297 4
1118 7
3844 8
7981 10
4467 7
3877 8
6326 2
2769 5
5954 6
3737 4
3456 1
4523 2
10253 1
3381 8
4219 7
6026 9
9282 4
788 4
5049 7
8565 6
366 4
7755 10
518 8
628 1
2075 4
3295 10
6797 8
5840 8
9085 10
10749 4
921 4
721 0
10369 8
3404 0
5031 8
4742 4
7276 3
10899 8
5734 3
9880 9
4706 10
479 2
7480 1
7692 6
1445 8
11638 8
7079 5
9193 1
11621 2
3729 10
4711 6
7202 3
2198 8
9713 8
1499 7
9989 1
2845 2
2043 7
7329 8
1501 6
11522 3
7159 10
4362 10
6460 7
7115 3
154 7
7168 10
2151 10
6206 8
2513 8
9858 9
2071 9
112 10
7407 8
9326 3
4691 4
42 8
1585 5
10575 3
4226 4
1037 0
8141 10
1045 2
11091 7
4072 10
6350 10
10260 8
6490 7
4551 8
7350 4
5994 9
10830 6
9080 10
805 3
3870 6
10392 2
11193 4
10128 7
11581 8
3149 3
10784 1
3571 6
1178 3
3627 5
585 8
6609 5
1566 2
4633 1
2318 4
11451 1
9611 4
38 8
5478 3
8589 9
10812 10
6731 9
3364 8
3001 1
2697 5
3568 8
3992 7
4339 5
5176 3
2766 10
3467 2
397 0
2174 6
1290 9
3914 10
10486 10
7708 10
2971 10
5888 10
6293 1
1360 6
4946 8
710 7
689 8
7800 3
9626 5
5566 2
11319 2
9115 7
2846 2
6743 10
10150 3
1663 4
1957 6
10361 5
10994 4
4486 4
10783 8
5379 1
5452 0
4731 1
11178 6
10568 8
11020 2
3654 7
5714 1
3418 4
6184 10
4718 5
9212 1
7774 1
9786 5
6228 5
6950 4
4160 5
7075 7
9839 6
5807 4
1236 6
4800 6
1963 6
2239 5
1545 9
4013 2
1476 1
5158 8
1722 8
1362 8
10888 3
7104 10
4337 5
5087 6
1841 7
7737 10
8696 8
9180 2
11211 2
3159 6
9478 7
10822 5
10734 8
4411 8
1681 6
1614 9
4379 4
11606 6
268 4
4164 10
5475 5
11353 10
9239 10
6659 5
9157 5
8328 0
8116 5
6406 10
6554 1
11045 10
11470 4
4056 7
6517 10
7826 6
9761 5
8534 6
848 10
1618 8
11215 3
7952 5
190 4
6552 1
249 1
7811 8
11649 4
9872 5
10408 1
4094 4
2006 5
9065 4
11530 8
11269 10
10694 0
3043 7
4197 6
3474 3
4315 8
11346 3
8107 6
2228 10
7939 5
1035 3
3405 3
5317 5
2983 7
6479 7
8858 3
10430 2
2973 8
1365 9
6499 1
8000 8
960 4
10747 8
6257 8
5671 10
9693 4
5921 0
142 10
1048 3
287 5
11669 6
3866 10
972 4
7710 10
5882 8
9753 6
7612 8
9245 4
3004 4
1928 5
4875 6
4884 0
10189 8
4320 8
4912 0
7535 8
556 5
9247 2
4192 6
3 8
5241 10
1450 4
9410 4
1935 0
7080 7
6317 3
1193 3
5887 8
1097 4
3685 2
9758 10
11574 8
11416 2
1369 10
6640 5
8085 2
304 10
1470 5
1600 9
509 1
10397 10
6574 6
7188 3
10655 8
7270 5
9775 6
3130 10
6099 8
2956 7
3838 6
9874 6
664 7
10137 0
5852 1
7783 10
9633 8
7020 4
9490 7
5277 6
1504 9
6374 3
8737 2
3651 10
5623 2
1428 9
5632 3
7927 8
3609 5
6359 6
8891 6
1972 9
2345 10
7712 4
5513 5
3921 1
9942 2
7011 7
5892 8
4112 10
9342 2
8110 3
6551 1
5370 5
4869 8
5408 5
5450 5
1882 8
10807 3
3348 0
5020 6
1247 8
1647 6
88 8
2492 10
10393 2
9480 8
896 8
9332 8
300 4
5261 3
11340 6
6814 7
11161 7
11414 10
7403 1
2860 9
2253 4
1248 1
9723 8
7396 4
9437 7
1840 4
5898 3
10684 8
7410 10
9652 3
8241 8
11217 10
227 10
2314 2
1627 8
5719 0
3300 5
9407 4
6958 2
5422 2
4605 6
10101 3
3403 10
3555 8
9956 10
5660 8
1425 9
2017 6
1082 0
4211 5
4786 1
4915 3
11005 7
5239 2
9366 8
2803 8
2719 8
6376 10
7842 1
7273 1
3372 2
8352 10
339 8
7156 7
5121 3
1395 5
9870 9
4300 8
9603 8
4380 1
7154 6
7518 4
1243 10
5115 2
5213 3
5333 1
3721 9
8772 2
861 7
10196 8
6905 10
6485 7
839 10
5809 6
4874 8
