3114 6
9167 2
1672 5
5607 10
3567 10
6261 5
7460 2
813 3
1746 5
781 5
1480 4
9597 4
1109 10
2685 8
10475 3
10085 1
3444 4
2494 3
11123 9
8502 8
10013 9
8844 8
7584 8
2012 4
3859 6
8654 4
10471 6
2145 4
4093 4
4430 8
3672 7
7718 1
799 5
792 6
10826 0
610 2
10274 9
4364 8
9456 5
8633 0
10852 3
4953 9
6019 5
9886 7
8618 0
3394 8
10623 2
10031 4
1733 7
1926 8
8205 8
736 9
11111 7
5019 6
7087 3
6654 8
5569 1
5803 1
11024 8
10161 8
3399 10
1903 0
10432 5
6396 5
11126 4
679 10
5271 8
454 10
7649 4
6150 2
4034 5
2378 3
8719 10
4878 8
7658 8
10965 4
9122 8
10505 6
929 10
4247 0
9463 9
10468 4
8745 4
3297 10
2418 0
11152 9
1986 7
2290 7
2358 4
8979 6
7423 6
6025 6
7258 1
8995 8
1328 8
3579 4
2110 6
3430 0
4805 8
8960 0
7995 8
2293 1
7233 10
4008 7
9505 7
4508 8
3960 8
11675 10
9259 2
6775 7
6254 5
10230 2
4193 4
8291 5
3268 8
5985 7
1074 4
7218 8
7549 2
787 4
4824 7
10948 8
7229 4
1686 10
4325 4
10986 7
4519 10
5627 8
7629 2
8856 8
9269 6
4365 1
11577 10
2003 4
9851 7
5910 3
408 10
7279 9
1877 3
1451 10
6098 5
8840 8
6865 8
2487 10
8703 5
11154 6
10742 8
4889 7
9789 5
3545 6
2819 5
3359 8
10521 4
10494 4
6705 10
10640 5
2810 7
629 2
8340 3
6024 8
3167 7
3881 3
3062 5
2212 3
10863 8
3339 9
8777 5
2859 6
8906 10
9341 2
936 8
2785 2
2102 7
10165 8
2674 8
8320 8
3640 8
10792 1
5356 2
4575 0
512 1
565 5
176 4
4940 8
6698 1
4513 4
5544 1
7838 8
6534 10
2180 3
10255 6
11690 8
8909 8
2666 5
11513 3
1592 8
8498 2
4283 10
2473 5
4281 10
11417 6
6843 10
7975 3
3455 1
6644 6
7109 6
3926 8
3157 8
10931 8
8103 4
7655 2
199 8
11531 8
7797 4
2269 10
9029 7
1961 8
8582 8
4847 4
924 4
8681 4
3896 8
6323 4
3055 3
75 4
6767 9
10940 5
8008 8
11679 3
1252 5
9281 3
8769 6
7164 6
451 3
4218 7
3687 8
2540 2
5730 8
8910 8
8415 3
4821 6
7519 6
5537 0
475 2
1546 4
6745 6
6978 8
5 10
5340 2
8684 2
8836 8
4882 6
1392 9
1261 8
9059 4
10403 8
10933 10
1417 9
9576 8
7973 5
6783 4
7274 0
5455 10
5427 2
8456 3
3667 0
6480 9
8697 8
11156 8
11259 0
6549 6
855 4
10171 8
3885 2
10379 4
4431 4
9742 2
5645 10
8031 5
4760 8
4346 8
6532 4
1572 9
714 4
7997 6
10877 8
5184 5
78 2
1811 4
641 6
10900 3
3093 8
10251 2
1713 4
1106 10
6232 8
7312 0
7237 1
8470 7
10056 10
599 10
995 4
5357 5
8748 6
6522 0
10791 6
10787 3
6266 8
384 4
7225 10
9828 4
8068 2
5489 10
6918 10
5456 2
8901 6
2328 10
10371 6
10237 8
658 10
5621 2
499 5
2710 9
8605 5
996 5
1570 7
969 2
8245 8
6780 9
902 4
10799 8
7248 4
706 8
9697 3
10999 8
4590 8
7487 7
10760 8
11167 4
4958 9
308 5
4555 7
6115 9
3585 8
9394 3
3448 6
2796 7
1484 7
554 1
11145 9
6158 6
10210 10
5472 8
10902 5
4058 7
1604 1
11010 7
7060 4
1184 2
5406 8
7136 8
4653 2
9545 8
5363 5
5230 5
5017 5
10896 8
3169 5
1893 8
1269 5
5479 2
6907 8
8685 4
9945 8
2870 6
4191 0
11140 6
10926 10
2104 6
3767 3
8385 3
3752 1
5462 3
8357 8
9354 4
2711 9
7705 10
5113 2
10360 5
2024 9
8319 8
11551 8
1529 9
696 4
8627 10
9543 7
10545 9
2461 10
5214 8
2613 9
1715 2
5877 8
2483 8
3975 0
580 1
3289 7
6622 5
5253 8
2025 2
6620 8
3501 7
3971 9
1214 6
4547 4
9090 6
951 8
10208 9
9362 5
8720 3
10088 8
662 2
1104 10
4149 0
6880 0
11063 10
9072 5
10876 8
6495 6
5859 6
10855 4
6933 6
11017 6
725 10
880 8
5846 9
3961 6
587 2
11559 3
2813 4
4820 8
8323 4
4335 5
3595 10
7117 8
1070 4
2033 10
7656 6
1089 0
8958 8
6742 7
7572 8
2625 4
10841 6
11586 2
5084 6
8651 7
557 5
7670 8
7028 8
8531 10
160 5
9725 8
10080 1
2684 6
4385 8
5438 8
9608 6
3003 10
790 0
9121 7
9704 4
9632 8
3599 1
8075 3
8 8
6752 7
6678 2
11175 7
2660 10
4026 4
1128 4
5615 3
6176 8
11199 4
3671 7
9569 8
9751 8
2707 9
11553 1
8369 2
2987 1
2980 4
2547 0
10726 9
5435 3
10777 5
6177 8
2039 7
10120 0
8377 3
10750 1
1523 9
1623 7
7605 3
1145 2
1589 8
1287 7
2537 6
5874 5
403 10
10873 3
1989 9
878 2
8486 8
9680 5
888 0
6687 0
11377 10
918 1
6424 6
508 8
2703 9
6707 0
4485 5
3014 8
2678 5
2573 6
3323 5
3796 10
4893 8
2372 8
10194 1
5129 8
7606 8
3429 5
6675 3
10351 5
3769 7
11124 9
10967 3
4491 8
187 6
10179 7
10146 4
7128 10
9965 1
10793 8
6059 9
10648 10
11096 5
3698 6
4526 7
4361 0
9862 9
10158 8
7623 4
4663 8
7667 10
2213 7
5037 7
4221 9
6920 5
1066 4
1560 6
5802 8
11408 2
11552 1
7235 10
4109 7
555 8
6051 8
3104 8
1862 2
11244 7
7962 5
5891 8
10723 7
10714 7
3697 7
6763 4
3950 2
5857 8
2593 2
3452 0
8794 8
11612 6
6951 8
6602 5
5907 8
4810 10
2792 7
9472 6
4960 0
7557 8
4282 6
6215 8
5461 3
7532 2
6894 2
9237 8
2550 2
6835 8
3336 7
4181 10
7072 3
2541 7
515 8
9302 10
10707 7
1970 9
2221 7
1843 6
2298 8
195 8
7349 6
31 8
2143 3
4726 8
7250 1
6514 0
5085 9
5182 8
4126 8
810 3
10409 0
10893 3
2534 4
4090 7
4963 9
8598 8
6634 7
6324 4
10018 9
1732 6
4322 6
10851 10
3668 5
7788 8
266 4
6056 8
10418 4
1580 1
3315 2
5125 6
146 5
11588 8
482 6
6063 7
9774 4
6765 9
281 7
8774 4
5415 8
6487 6
1685 4
1855 8
6972 1
5101 5
6541 7
1155 8
2858 8
3021 4
10341 1
11677 5
6791 2
1701 7
174 10
5200 8
7422 8
3482 2
3925 8
10222 0
5579 2
6886 4
4828 5
945 3
272 6
8872 6
7937 0
6331 6
10820 5
9624 3
11078 6
591 4
10637 8
7039 10
9169 1
2171 2
9963 8
5186 2
8988 5
11270 4
10289 10
4678 6
687 6
10627 5
1212 8
2308 2
8499 4
2538 9
6433 7
7187 6
5285 9
8348 1
1224 10
11097 8
11315 10
3226 8
886 8
10578 8
10295 5
144 4
53 2
4747 9
4830 9
6588 6
1540 9
9814 7
3128 10
2801 6
6335 3
11095 8
9068 6
7196 4
908 8
4437 2
10765 5
8459 4
10677 5
8219 2
9891 5
4900 1
8537 6
417 8
10686 8
10201 2
10401 8
9042 8
10858 10
1110 8
3423 3
11554 8
1807 7
489 2
9534 8
1559 2
5392 7
11113 5
10584 8
6845 8
1886 0
7847 8
1810 4
1246 5
1683 3
9252 2
2788 9
3908 7
3206 8
3569 0
11604 4
1896 8
10191 3
8747 4
4897 6
2839 1
5434 4
319 1
4285 10
2065 4
5495 6
4047 9
3528 7
3378 8
9993 2
2489 3
4169 5
2022 5
8634 5
5246 6
3853 4
10030 8
1952 1
3156 8
8113 7
4923 8
5202 3
1977 4
8940 8
5639 2
5231 4
4992 9
2444 0
11330 1
1043 8
10301 6
7570 10
10077 0
7029 5
6811 7
2073 10
3559 7
3982 2
10973 0
2448 4
11517 3
3911 6
3038 7
808 0
3299 10
4911 0
2841 2
10311 1
6982 5
10703 1
6016 6
3212 0
6381 5
3424 7
6002 6
2657 3
3623 7
10569 8
5712 3
2503 6
2498 8
4943 0
3288 6
1334 8
7357 8
104 5
7550 2
2197 8
11375 8
9141 0
6339 8
6423 9
9867 7
1310 4
4410 8
371 10
9181 2
4852 2
6989 8
9822 9
1644 4
9699 8
2148 8
7144 4
3090 3
3108 10
3037 6
10317 10
8177 5
7342 9
9217 8
5029 7
7999 6
3932 3
9037 5
4458 7
5133 8
5760 6
1372 7
11641 5
9386 8
6477 9
7094 3
8520 1
9845 6
8169 5
10310 8
4262 10
3067 5
1721 0
6297 4
11195 5
724 9
2637 9
2031 4
4978 9
177 5
8176 8
9913 6
10913 8
6703 8
6313 6
6404 1
6793 4
6291 7
1331 6
8261 9
7642 4
8760 10
7015 8
11210 7
10417 8
5409 4
9119 6
525 10
1079 3
10174 8
1823 5
6664 5
1467 6
11342 4
8474 0
6237 3
2721 9
2809 6
9547 8
3544 8
5746 9
11250 9
4010 10
2139 0
4584 0
3775 10
8042 2
3586 8
7563 1
611 2
4617 2
9329 8
1717 5
5177 10
492 8
7992 5
9201 6
5582 4
7047 9
1435 7
11490 8
5026 8
2495 3
8536 9
10272 5
4628 4
9614 8
4245 0
228 3
2214 5
4801 3
399 3
10935 3
7759 10
3145 10
9477 2
6848 3
1736 8
6844 5
743 7
11637 6
2354 4
11563 10
820 10
9174 5
4621 10
8817 5
10476 5
56 5
7946 5
289 2
10347 8
6181 7
6992 5
437 1
4316 6
3570 8
209 4
5336 5
7346 6
7931 5
4 4
7071 8
2623 6
10879 8
2529 4
9510 1
10498 4
3915 5
4816 8
9165 6
11056 4
7140 4
906 10
11571 7
5420 2
827 8
5534 1
6030 7
5805 8
245 8
3997 6
3543 8
7971 3
400 5
8991 1
4748 5
2457 8
999 9
2505 10
998 7
4867 5
9358 8
688 6
10503 7
3725 6
8002 6
3931 1
1185 7
4136 0
1969 9
8666 0
9779 5
2390 8
9317 8
616 5
5829 5
4892 9
8562 5
703 5
1596 2
10535 6
3365 4
5376 2
4055 9
5083 4
10915 6
5266 5
4896 6
4986 4
11245 9
5998 9
1908 6
653 5
2211 7
6884 2
2243 6
8216 8
9352 10
7702 10
3621 8
5282 5
6539 9
4376 10
7941 2
5942 4
691 4
5841 0
7764 1
7810 8
10527 8
5048 8
9149 5
9524 5
9629 2
2048 3
1419 7
8140 8
4106 2
5983 5
3711 8
3266 4
9264 2
6856 8
2649 8
9961 10
6201 6
944 3
296 4
3419 1
7308 7
2416 0
2374 8
5030 4
432 6
5959 8
980 4
10198 2
2724 8
7437 10
7420 8
10939 0
8525 8
1661 5
2814 6
305 4
5794 8
5947 2
7148 8
8058 8
3601 4
9113 5
8106 7
8402 6
4977 7
9271 8
8834 2
10223 4
9140 0
1012 0
4039 7
10173 4
1684 3
10665 8
8504 10
645 4
8761 10
6625 7
794 10
4232 10
4062 10
2377 5
8977 6
8896 2
3303 8
1415 9
1405 7
4044 9
1134 6
11601 6
4657 10
2347 2
4011 10
7394 0
5654 6
10370 8
3048 7
3078 5
8283 8
4972 8
9050 0
8277 1
94 6
5551 5
8917 0
4512 9
4853 3
10751 10
6021 6
4185 3
8538 8
5167 2
216 4
5574 0
8631 6
8209 10
6890 8
10859 3
6712 2
6306 8
7292 8
1588 4
1953 8
2601 8
5788 7
8620 0
9373 8
5972 5
11051 0
7201 8
8870 5
4105 7
11235 6
9083 10
5294 8
6412 6
11194 10
10908 8
762 0
5327 6
1111 10
6414 8
4796 5
6815 6
4214 7
7968 8
11190 6
6736 4
10735 7
7955 3
10748 7
8493 10
7200 4
5105 6
1833 2
5754 10
7724 10
801 1
11082 7
10402 4
5225 5
11389 7
10228 10
3186 5
7314 8
2501 5
5958 8
5425 2
4904 2
6087 7
3733 6
11085 8
4708 4
10977 1
5051 8
937 3
3642 2
10894 6
11009 7
8188 8
3227 8
6417 9
675 8
989 10
10257 0
4145 0
8491 6
8566 5
7829 0
6073 6
10166 8
10478 6
11087 6
4764 8
1006 9
11106 7
7400 7
5291 8
9289 5
5657 8
1379 4
2235 8
1705 8
744 7
1729 10
2105 7
9826 9
1375 6
9832 5
3154 8
10867 8
153 10
1639 6
11238 7
1857 5
1044 4
7559 1
6366 8
11526 8
8052 8
11187 6
3351 6
695 8
5536 0
10022 2
8036 8
9953 8
3376 8
10866 0
25 3
6641 5
2402 1
3281 1
4184 3
2396 10
10079 4
5243 8
7729 4
10285 5
6583 8
1731 7
4374 4
100 8
4909 6
7301 6
8970 0
8827 4
3490 8
4585 0
3331 4
2272 10
9276 8
8226 5
11508 8
8077 3
2997 3
2320 2
181 2
9783 7
11635 10
9 4
4675 10
1305 5
1129 4
6757 4
2825 8
7772 1
392 3
11391 0
2306 10
8163 5
11511 8
9270 8
5313 7
8379 8
4717 7
7706 4
6929 5
3754 10
6693 8
845 4
10829 6
10589 10
9379 10
10250 5
11343 6
2677 8
5283 5
8862 8
9224 0
11264 7
3906 2
67 6
10701 8
8023 2
4768 5
8015 8
9375 10
3504 2
8833 1
5565 1
8497 10
7707 10
3565 0
7957 8
6515 8
3788 8
10510 6
8931 7
360 0
4694 2
3895 7
4839 7
9732 5
7736 10
264 7
8275 1
4015 6
10608 8
4687 2
11619 8
10705 4
9172 4
3611 9
4799 3
3410 6
4470 2
8258 8
7457 4
11652 10
10892 4
7070 8
3970 4
9105 5
1349 6
10547 7
3216 4
899 7
1755 8
8393 8
9651 8
11650 10
9695 8
1944 8
11208 8
5703 8
5850 6
7703 10
10110 4
9111 6
1799 5
904 1
3425 0
8325 5
7491 0
7938 5
10277 5
812 8
11672 4
8529 10
5933 5
3645 10
4903 7
7290 5
6656 5
10514 7
3412 10
2755 1
3428 2
9910 5
11624 1
5810 8
1189 8
7129 8
11496 0
1095 10
4260 0
9801 7
1098 10
11073 8
9577 5
3047 3
977 10
1497 7
5111 2
5080 4
6076 0
3934 8
1091 10
5365 5
4607 6
2234 5
4848 8
10095 1
7932 0
2611 2
1179 8
8501 0
5583 3
10300 5
2137 8
11192 3
2968 8
9104 5
9642 8
4224 8
6111 2
10696 8
2682 7
1543 9
2019 9
10937 8
329 1
11489 8
9750 2
11385 10
5096 4
10732 4
6781 9
10480 0
10685 6
900 10
7343 6
11128 2
3847 8
4483 5
5856 3
1200 8
8705 6
3985 7
2301 10
9966 10
5990 6
2159 7
5307 8
5979 1
4808 8
11110 6
3073 5
132 2
6320 8
4741 5
8507 10
8510 8
8997 8
11457 4
1316 4
178 4
522 5
3713 8
8071 7
11438 7
4736 5
1792 2
11659 5
737 7
719 9
8689 10
8249 8
9821 7
6986 2
7166 8
3564 8
3879 3
9806 5
2576 8
9663 8
10836 3
3457 8
9843 7
8785 8
10574 8
9311 8
4891 7
6850 8
5345 10
1158 2
1088 3
4931 8
661 6
282 9
11420 8
3629 1
9588 4
749 6
9254 2
4595 5
5123 7
3704 7
1802 4
10413 3
2716 7
9498 9
3785 4
1707 4
9064 8
7089 6
9702 3
7777 10
4298 5
8961 10
10169 8
5606 3
11630 6
8895 8
6353 6
2142 1
7255 4
11314 2
4952 7
7963 3
11198 2
9665 8
9344 2
9163 2
6458 7
5766 2
11317 10
10983 4
5206 9
5405 2
5352 5
8388 3
3615 8
3650 8
4127 5
4063 2
4228 0
4997 10
4057 7
11295 6
2091 8
2958 8
3573 8
10266 4
8663 8
4944 5
6125 8
5391 2
10693 8
6930 6
11053 7
11204 1
938 3
6642 7
6872 8
8070 5
2177 3
5248 8
6728 4
8228 5
4135 5
11276 1
2783 7
1343 1
4267 8
6699 0
4890 9
1548 4
10185 1
7293 5
7180 7
11265 7
5682 1
700 4
9232 4
8425 2
686 0
7056 2
2955 1
9684 1
9717 4
8568 2
1583 8
4596 6
7363 8
863 4
10279 8
5308 8
200 8
4029 5
581 8
10844 5
8590 8
8362 8
1630 4
3515 8
11521 8
9339 10
9720 10
4472 8
9403 1
8886 4
1228 8
939 3
1186 4
10632 10
6462 9
235 4
3144 8
5923 8
8026 5
8471 8
1753 0
7504 6
7660 4
10950 8
7798 0
5718 8
1172 8
9855 6
5247 5
9983 6
8006 9
4038 7
8344 3
3938 8
9881 6
452 10
8573 8
7578 3
7725 10
4257 7
322 1
1760 4
1786 9
2295 6
5706 7
7499 8
5971 8
3663 2
1653 8
10002 6
6952 6
8669 8
10106 4
10951 3
7057 4
6187 0
1960 4
5941 8
1992 9
3158 8
11 10
9549 6
2793 6
10936 6
8142 4
4552 10
5920 8
1025 6
11007 7
9242 2
9153 6
324 10
4095 7
3690 10
3252 10
8763 8
5929 10
3355 5
1421 8
1146 6
8038 2
3502 4
1240 10
406 6
7377 7
11311 3
5792 7
2994 7
7686 4
7659 10
3511 5
711 9
11547 8
4692 10
6467 5
1015 3
9300 10
10007 6
7108 8
10611 5
2141 8
1945 7
7926 5
7622 10
11403 4
3561 8
34 10
4684 4
1411 8
11477 8
5618 8
9947 9
11341 7
1255 5
5498 3
3267 4
9666 4
3440 1
1869 2
4244 0
8962 0
690 2
2169 8
5732 10
9146 4
2853 6
11616 8
9135 2
10758 10
11083 8
381 8
8091 2
9337 2
11228 5
894 10
7305 8
10945 8
4331 4
11055 10
5174 4
898 5
1403 7
6611 8
10444 8
4570 0
9544 7
7773 1
8989 1
1437 7
702 9
4623 4
6027 9
9199 2
10516 6
11162 6
3415 8
9405 8
5832 8
8290 8
817 8
3173 3
4408 5
6738 4
9715 8
2095 6
7245 1
6334 5
7325 4
7147 4
4369 6
10594 2
7048 5
10651 8
2713 10
3103 2
11141 9
758 8
8787 4
10039 1
3190 7
3554 8
10339 10
8743 3
4406 6
2344 2
745 9
5697 1
10992 1
11625 8
9151 4
10229 6
2264 4
8791 5
2975 3
520 4
10629 6
4752 5
10803 1
5683 1
2609 10
5937 4
3282 5
9616 2
978 9
1187 7
6853 5
1795 7
4078 10
2773 4
4609 2
9737 8
5154 10
5367 8
1017 8
10032 10
10911 8
7996 10
6351 8
5918 3
1549 9
5614 8
10602 10
10119 1
10315 8
6369 5
276 5
2646 9
9516 5
363 3
8829 4
9365 7
5653 4
1718 6
2715 8
223 6
2661 5
5885 2
4200 6
6274 4
10135 4
3603 3
6719 8
6543 10
1072 0
10429 2
677 8
6805 8
2015 7
6544 1
11254 6
3203 8
5132 8
6926 4
10306 10
2424 5
3951 8
5211 8
5487 5
10248 4
7824 8
6373 8
7923 8
9522 8
1750 8
4908 6
9873 9
197 7
2863 2
5326 9
3264 10
6241 5
9292 2
8722 2
5776 8
9449 3
11565 10
10573 8
5302 8
7704 0
4542 4
2800 4
3533 7
8812 6
6028 4
846 2
4083 10
9623 3
3080 8
7508 8
1657 6
1093 2
4048 2
10869 3
5673 8
2385 8
8594 8
6523 10
1634 9
303 2
6166 2
4602 4
6009 0
8553 5
10182 8
7812 8
11493 10
4593 10
1201 6
9147 6
11180 9
3683 2
3723 9
4422 8
2545 8
8082 8
3309 9
3433 6
9256 6
6621 6
9123 8
2662 6
7161 2
7652 2
1337 7
8409 5
928 8
1167 5
10186 8
5950 8
5407 8
5944 10
6437 7
1941 1
3280 7
1413 8
294 8
3771 0
760 0
3084 8
11418 7
7644 2
5568 5
9596 8
4487 5
7672 1
3041 7
5514 5
683 5
4446 6
3660 8
8740 2
811 4
10163 7
2789 5
3224 4
5235 5
10453 8
8927 4
121 5
10048 0
11579 5
87 8
9916 7
113 2
1735 8
8606 10
11016 7
5148 3
6162 6
6284 4
7099 8
2592 10
6144 4
2929 3
6931 8
8391 3
10461 3
9736 1
9067 8
7458 8
1257 5
1868 2
3006 5
4417 10
5624 10
3007 10
7614 4
11312 8
8424 6
6456 7
6816 4
8729 2
887 8
4682 9
5222 7
7432 2
5913 10
7173 8
11378 4
2062 8
620 2
6518 8
6192 0
5728 10
5761 5
9372 10
5263 8
782 4
6879 8
4311 7
1563 5
3927 3
7793 8
11065 10
5090 9
10724 8
11683 10
5451 1
2076 2
10601 8
6885 8
11506 10
5960 8
7756 10
6332 8
9185 7
4045 9
9994 4
6830 7
6581 7
4685 9
4668 10
7595 4
10280 8
7288 10
2622 7
2630 9
4288 4
8731 2
3920 5
5597 2
11590 8
4368 3
7905 2
5839 0
1077 6
3784 9
3325 8
11610 7
484 6
3044 9
7776 10
5535 8
4661 8
9671 3
4939 8
9879 9
9288 6
723 0
4649 4
4899 8
11654 4
10809 3
9283 1
10518 8
8943 4
2087 4
10066 8
9595 2
3887 2
9035 0
10534 2
5457 6
10961 8
9878 5
835 4
7784 10
8677 8
10741 10
4280 2
271 0
11400 5
2307 8
8040 8
5974 8
1272 8
843 10
5442 6
9722 8
5388 10
10147 1
9176 2
5040 5
2502 5
5650 10
2664 6
4503 10
4980 7
7915 2
9439 9
4766 8
849 4
1622 2
5808 10
10493 6
10955 4
10411 3
11660 8
741 7
7224 1
2093 7
5441 10
11203 10
4178 4
11473 8
8736 2
8625 8
1804 2
5454 10
1266 10
6852 8
6327 4
9809 9
8516 1
11258 4
7063 8
5147 3
10412 1
4660 10
2218 6
8996 8
4838 3
11609 9
8145 1
4352 0
5155 10
6149 6
9315 8
6496 6
1669 5
8898 6
8845 7
1164 4
7319 4
5570 1
458 2
7506 8
8398 8
9785 9
7695 10
2027 4
7924 8
6682 8
5382 8
3140 1
8656 7
3498 8
4092 6
7531 2
3952 8
5474 1
8492 6
9854 5
8132 3
5286 2
6677 4
9871 2
10616 5
1055 6
10988 4
7286 1
549 8
9535 10
11019 8
9192 1
2113 6
1235 8
6072 5
5964 8
4525 6
7213 6
10658 0
7666 4
2258 10
155 10
2037 10
8969 6
3277 3
163 5
1318 6
4318 4
9411 7
7430 2
7112 2
6674 5
2535 2
4534 3
2309 4
3178 8
7476 6
1757 1
7684 4
5757 10
8478 8
3872 0
11326 8
2090 8
2009 5
1423 8
10442 3
10349 0
5505 8
9856 5
3259 4
8814 3
10669 3
10491 1
3890 4
10399 8
829 8
1026 8
6315 8
7085 8
6299 8
7455 2
8154 1
8796 8
5304 7
8628 8
179 8
2594 4
10801 3
4179 3
3843 8
2340 8
10928 3
897 3
11657 6
3056 8
883 8
546 4
11191 8
8418 0
5526 10
6863 8
6531 8
4332 5
3136 0
1863 4
742 9
2827 8
11260 1
2496 4
8198 0
9286 10
1190 8
491 5
4861 0
466 3
5919 6
6545 7
3628 7
183 8
1280 10
2406 5
8458 7
3086 3
1227 4
388 8
5847 7
6205 6
2626 9
1347 8
8210 8
1133 8
9829 6
10768 8
7018 1
9369 8
8826 2
633 5
8843 8
8950 5
11008 7
2772 5
2325 2
2256 10
11514 5
10838 0
376 5
5485 10
1513 9
1665 3
10993 10
5596 6
2515 5
4402 8
6888 8
8570 5
6251 3
11580 5
3740 3
11114 2
4099 2
11502 5
1143 7
10042 1
5242 8
4996 2
2067 7
7965 5
1108 4
6734 2
4397 1
10974 0
505 8
3049 8
10143 1
4066 8
1562 4
1454 3
9521 4
4549 2
6086 5
7853 1
1974 9
1231 6
446 3
9784 6
8051 2
6536 8
5381 8
3421 0
4230 3
11620 3
2695 9
1426 5
118 8
10100 2
7106 5
11544 8
10563 8
11523 3
141 10
5262 3
6668 8
1567 9
6005 7
3625 10
1000 7
7683 0
3426 8
7856 10
9094 10
6454 7
8701 10
3600 8
2350 8
8907 2
2648 8
10231 2
3637 10
10384 10
922 10
5371 8
1265 8
1784 7
9777 6
10299 5
7005 5
10614 2
7412 3
11626 10
1307 3
9778 9
2708 7
2554 4
3496 6
2408 5
444 2
7031 8
10446 8
6760 0
11603 5
6178 2
7653 10
8252 3
9222 10
571 10
3209 6
469 4
2838 2
10234 4
5416 4
9654 8
11569 8
2035 9
1673 4
7585 8
3686 8
123 8
5293 8
8274 0
8321 6
11231 6
8734 2
3368 4
450 8
2566 9
2686 6
8959 10
1975 6
5572 3
2762 0
10678 8
7479 0
7827 8
6911 2
552 8
11376 2
2283 4
576 4
11622 10
11255 1
8926 5
7192 5
4511 8
11459 8
2596 8
699 4
1576 6
5689 1
2835 2
3946 7
9850 5
11433 4
3442 5
1849 5
4108 5
854 4
10763 4
3083 8
164 8
2811 2
1058 4
7095 5
1825 5
4648 2
11131 6
1278 7
9409 7
1232 8
7092 10
8030 2
8626 8
6648 6
7256 1
9295 8
2998 6
10501 5
3427 5
2072 4
5773 8
2352 2
5150 7
8361 5
9464 9
517 1
8214 8
10485 7
1858 9
9482 8
5517 5
6987 8
2833 0
3897 8
11596 8
5251 6
6000 9
7978 6
2026 7
2069 7
8371 8
1940 8
8875 8
3485 4
9605 3
7745 4
6800 8
5109 5
7037 7
6038 5
327 6
6520 4
6029 9
9349 2
3053 4
7533 2
9726 8
1487 9
7589 8
7069 3
6556 6
3255 2
6729 4
893 10
574 3
8813 4
7262 2
10597 2
5577 1
234 8
3439 1
7521 1
8229 2
3593 3
2088 7
816 8
5876 6
3116 8
10113 4
7145 5
39 8
2786 6
7174 5
1346 2
7139 4
11678 5
4959 9
4378 10
8623 8
3676 8
33 8
173 5
8363 8
2654 5
2160 6
8483 8
6683 8
753 2
7486 10
6755 6
6615 9
983 8
11044 5
10107 10
8530 10
5522 5
6533 4
1383 9
5318 10
6733 2
9117 7
1704 5
7921 2
6770 9
1616 10
1789 9
6828 10
8541 8
9249 2
7198 3
9255 2
4254 5
9143 7
9636 10
3257 4
7502 8
5349 8
5555 4
3541 3
8080 3
80 4
5731 10
3085 3
3025 5
1902 0
7416 8
4290 4
9894 6
2200 10
11066 8
1130 9
7969 8
4246 0
5973 8
11689 10
4834 7
2126 6
9390 10
1593 8
7238 10
1598 6
4712 6
9976 8
7010 8
10996 5
2575 5
5183 8
8867 8
11034 6
148 10
10663 10
11146 5
3999 7
7294 8
7252 1
3860 2
8679 10
10731 4
5082 9
3143 8
364 0
6078 0
11667 4
3189 10
5946 8
7828 0
2399 8
6338 1
3170 8
6450 9
7808 8
3538 4
477 2
16 1
457 7
11413 4
7484 0
11323 4
11206 8
3948 2
3362 8
1965 4
4442 8
7024 4
9451 10
8766 2
11441 2
3840 2
2815 8
3202 5
8878 8
9438 8
6003 7
605 2
2751 2
11158 4
11185 7
2016 9
623 6
6571 8
8632 6
4967 6
9645 8
3875 8
4677 5
3069 5
7042 6
8653 5
8597 8
4471 5
3211 0
5952 7
6384 5
7050 8
7607 5
3165 5
8255 7
2393 3
8269 10
5698 5
202 6
614 4
5658 8
10074 8
5672 8
1526 9
831 10
1063 6
9674 3
51 2
941 3
425 3
11229 7
8407 8
9159 7
3207 8
4017 6
5207 9
9705 3
5265 8
9664 8
3566 8
11584 8
8984 6
8165 6
4176 4
11241 7
18 10
10081 1
8337 5
9962 1
11041 5
6041 8
10045 8
912 4
10833 8
2061 8
1852 4
877 4
10321 8
11361 4
5466 10
8153 0
7206 3
4689 4
1521 9
3889 10
6040 3
976 10
2986 8
1800 10
5114 4
6300 8
7517 5
5038 8
2129 10
2230 6
6660 1
5350 10
7364 2
761 1
10774 3
7582 2
914 4
8577 6
3443 10
8611 8
9446 4
1914 3
6403 8
3040 7
6954 4
3121 8
10633 6
8231 5
5699 10
6831 5
3726 9
1584 8
8668 4
4840 6
10262 8
7537 2
3553 6
2380 8
10595 4
3058 4
3141 8
10660 0
9514 7
3731 8
8353 10
10176 8
3274 5
4341 8
385 6
9746 2
7073 8
3944 6
8513 8
1832 4
11425 2
201 2
2462 2
4517 5
7805 8
10947 8
10416 9
7512 1
7118 8
5889 10
1090 4
9387 10
2367 7
6045 4
3967 4
1680 4
8612 7
3350 8
1276 6
11176 2
5064 8
6386 10
370 10
9171 5
10434 10
553 10
10154 5
6914 5
1440 8
2370 8
6645 0
5014 10
4739 0
10102 2
8912 10
10117 8
1011 3
7733 10
10470 0
6416 7
4832 5
5069 7
11099 4
11021 1
7062 3
2768 5
4207 5
7998 6
7220 5
860 9
2953 1
3534 0
7127 10
6220 8
4693 5
6874 0
11482 4
7780 4
8384 8
1221 8
3655 7
9841 5
7267 10
7646 2
11012 7
2441 1
1662 10
10613 4
5666 3
5550 8
3513 3
9701 8
10952 3
1814 4
895 8
5741 6
9644 10
4231 3
1959 5
11242 6
2018 7
3833 2
8704 4
2532 9
7841 8
2784 3
4914 8
524 10
3858 8
6483 4
6542 4
2386 10
2944 5
11184 7
3631 8
930 8
8254 8
10546 10
167 0
10849 8
8877 4
729 6
8556 4
2942 4
4373 4
5492 1
10354 5
541 2
9502 4
10367 8
9202 2
9999 4
1398 0
231 2
4250 6
3480 8
7490 4
6277 8
9512 6
2978 5
10717 8
460 2
5414 8
7579 5
3383 4
5328 7
3978 5
8179 3
4289 6
11392 6
6004 7
9205 4
7723 10
4196 6
5540 2
11057 10
4573 0
5332 4
2753 8
1536 9
4167 6
1282 9
11324 8
6501 7
8854 10
11015 7
7470 2
11160 4
8711 6
8180 4
1615 8
7299 5
2381 10
5894 8
6808 5
3330 7
7182 1
3878 4
728 8
10343 4
5027 3
2829 1
6980 3
5997 7
7281 3
5161 5
2989 2
9056 7
2741 1
6011 4
9508 9
5601 8
1404 2
5702 8
7650 2
11471 8
586 10
2516 4
9468 6
1218 8
1434 9
9044 3
7344 4
4723 4
8853 8
1861 2
954 8
3161 6
9061 7
9450 10
1002 2
3715 7
9948 4
3400 8
3594 6
8922 8
3909 7
9084 2
3258 8
4670 10
1471 10
11688 5
4913 8
10172 3
415 1
8292 1
3618 5
6233 5
4613 4
1764 2
6910 10
4474 3
6102 2
5662 4
10325 8
2240 4
9768 7
4314 8
2705 7
1350 4
2826 1
1339 0
1258 3
766 1
2567 3
4371 5
3406 1
2312 8
5694 1
5254 5
8067 1
208 8
6968 5
119 2
542 3
5410 4
8025 3
5319 0
2268 10
4724 6
3699 7
934 0
9055 0
269 4
6153 5
10225 4
11484 6
2821 8
5822 4
8824 4
6715 8
4292 2
9076 10
6922 5
2446 1
1361 10
1660 9
8930 10
2124 1
5858 4
3738 10
3583 10
4463 8
9220 6
8222 1
2112 7
1225 4
1324 8
6211 4
3759 5
10766 10
6173 7
145 2
7505 8
2606 7
4355 6
564 10
6459 7
1897 10
2675 5
11487 10
550 8
4975 4
8496 5
10861 8
4510 5
1121 6
5951 4
6524 2
8865 8
10856 2
7137 4
3302 8
6104 1
7193 3
3024 8
5396 10
2154 4
6295 7
7947 5
11173 4
9568 6
4091 3
4807 3
434 4
11316 2
2099 6
9400 8
1847 5
5504 3
5721 4
6218 5
3183 8
5491 5
3045 7
5397 4
1168 10
6981 1
10456 4
7402 2
3218 8
7781 10
4016 3
295 6
9622 2
8152 1
3453 10
1115 4
528 8
7494 1
4059 7
2042 6
5310 7
11662 5
7102 3
8336 8
2128 8
3770 0
11127 2
2849 2
10134 8
5075 0
468 4
3862 7
4856 8
7107 6
1726 8
3598 4
10981 6
10756 4
30 4
5429 3
10697 8
259 7
10421 4
7322 10
4479 8
10214 10
1410 9
5015 8
1479 7
9517 7
55 8
11080 6
6943 9
1283 6
3493 8
11344 8
9308 4
8316 1
6113 10
4961 9
3316 8
4225 2
11153 4
8138 3
2157 5
4032 7
10987 8
5611 3
10919 8
2060 8
3497 3
3764 8
4088 4
726 5
4377 10
10170 2
1668 9
10901 1
5631 7
5003 10
5448 8
4240 3
11237 7
2332 2
6591 3
6784 9
6440 9
9170 0
8888 10
2391 3
10265 7
2659 5
7625 1
2756 1
3591 8
8650 10
9998 7
1217 6
10472 3
3988 7
10357 1
6725 7
4248 8
6225 4
9911 4
3223 10
5153 5
9231 8
9258 6
10131 3
1050 6
9817 9
40 10
8861 8
7034 8
8125 5
3643 8
8436 0
472 2
2647 6
6301 0
11541 4
2339 4
9672 8
2414 8
2422 6
8454 4
9643 8
5931 8
6079 8
8851 4
570 3
1207 3
1161 10
6568 8
10544 9
4935 8
4518 5
7265 1
219 5
4284 8
3681 7
267 10
6579 8
777 7
11081 8
8024 2
4086 8
9678 8
9440 7
6202 7
5403 5
6167 5
6977 10
9057 8
3755 10
8148 4
1387 9
10617 6
6709 8
7738 10
4862 8
722 6
6963 2
4697 7
6979 8
1401 9
2687 0
248 8
11325 6
7601 4
3019 7
3472 2
9325 4
2134 8
11189 6
3219 10
8488 4
429 5
4313 5
6762 7
8727 2
2086 10
2619 9
11002 4
8542 9
3589 0
6399 3
9964 8
7272 10
5063 2
10291 7
8149 0
9208 8
9893 4
1643 10
1003 2
7721 10
9659 5
6096 2
1191 3
10466 10
8946 10
5943 3
4329 2
222 8
6834 6
7928 3
7264 1
1830 5
4360 7
10771 2
4971 5
874 5
6527 0
1930 8
931 8
4715 5
2720 10
9314 6
6650 6
850 4
2723 2
9086 2
4327 6
8446 1
985 5
8477 8
2140 8
9669 3
1635 5
2394 10
1727 1
11018 1
10598 6
5715 10
1032 0
3990 7
1059 8
2205 4
11108 7
11423 0
4703 10
4306 5
9402 6
5128 0
1818 4
1706 0
10680 8
8784 8
2387 10
720 5
5688 5
7591 1
10767 8
6973 8
1197 2
2617 10
3120 4
10275 7
7854 8
3935 8
9811 9
8460 8
2040 5
10028 4
2861 5
180 2
9287 0
3398 4
3575 8
6875 5
11618 10
7356 5
7032 4
4081 6
2709 10
6481 6
3441 8
6077 5
4696 8
9027 8
7090 6
4082 6
3290 5
6969 6
8184 1
5782 0
9769 5
4383 8
6897 5
9285 5
7534 2
1385 7
2704 10
314 4
11404 8
8122 1
676 7
9996 2
10264 8
6047 3
138 6
11003 8
4993 1
4583 0
10922 0
4148 10
8762 4
2114 6
1571 7
4554 3
9539 7
910 8
10271 4
10094 9
4161 4
1138 4
2449 4
1150 4
11049 0
243 2
7762 10
7190 8
10152 8
6948 4
5868 8
11274 9
4020 3
4634 4
8262 0
7091 8
3087 3
11631 4
10459 9
7618 5
10656 10
10374 5
6172 6
1754 0
10477 5
6638 7
2223 9
3479 1
5878 6
634 1
9092 6
7624 4
10047 3
1254 4
8871 8
6343 4
7709 10
9475 4
4229 1
10364 5
205 10
11648 6
7541 2
4321 5
3148 8
6603 2
6180 5
1591 8
6633 9
3647 8
11566 0
3222 8
2638 9
9583 7
3015 3
11402 4
10635 8
8964 7
7651 2
6572 8
8256 6
884 6
11079 8
8914 5
5784 10
4444 4
11481 2
3089 1
1085 10
5013 10
9908 9
11028 1
4968 5
5875 0
6898 5
1625 7
4973 10
783 8
11011 7
5249 5
10592 5
6337 8
10308 8
2658 5
11116 6
2752 1
11582 8
8788 5
9488 6
11069 8
6587 9
275 2
9900 9
4700 4
9638 6
7668 10
3523 6
3063 9
10828 0
10827 0
11093 7
9230 3
8852 10
7778 10
8994 5
1938 0
4188 2
8691 4
10526 8
2297 4
573 8
8842 8
2949 5
3648 4
11105 7
1096 10
10591 8
2746 8
7084 7
7586 8
746 7
1890 5
7803 4
6328 6
1020 3
7960 5
11372 3
5086 7
10882 4
2960 0
1309 8
4855 1
4844 10
5896 1
5497 10
3735 0
2096 10
11174 7
4216 10
5289 7
8066 8
6718 1
1763 8
9077 5
2452 7
2966 5
1270 4
4227 6
5006 8
8265 8
5690 1
10156 3
9714 10
2732 5
7065 10
10069 8
483 8
9747 10
11472 4
10038 8
11223 8
3201 4
2749 2
962 2
4473 8
9243 3
5533 1
453 6
6617 8
11379 7
2600 0
875 3
6385 8
3204 5
5798 4
7665 4
4870 3
4375 4
10671 8
15 4
10287 8
5686 1
5290 8
4524 3
5578 10
1788 9
3306 6
5925 8
6319 5
10124 8
1344 5
11047 8
1990 7
4728 6
3005 8
8078 4
3861 2
5488 1
115 8
45 2
10487 1
9967 8
3477 8
2488 8
11086 0
11685 6
4798 8
2568 5
992 10
4632 7
882 4
3953 0
1889 6
7025 3
11682 5
233 10
7689 10
2063 0
9334 10
1894 6
1458 2
7030 6
5720 8
11112 9
5674 3
1617 2
218 7
9138 2
4928 6
4543 8
3584 5
5057 8
2050 8
2584 4
1216 6
1905 4
2523 6
1465 7
7408 1
2427 2
7098 4
4166 4
506 3
277 0
7415 6
1478 9
3411 10
11336 8
603 5
7016 8
4104 4
4469 4
10035 10
7231 8
8166 7
665 7
6575 6
8278 1
2946 8
7361 10
7300 6
7493 4
6631 7
6190 2
10934 8
2219 7
8929 3
254 7
10419 6
851 4
4002 0
11134 9
3436 8
311 1
4730 2
5081 9
1948 7
3387 2
10738 4
8001 6
10236 8
10209 6
9657 8
3546 4
10452 8
1723 8
8690 10
9101 10
6962 10
9566 6
6606 3
9760 2
631 6
10552 1
5768 3
1203 4
3630 7
9144 7
809 5
7583 4
9852 5
7538 2
7956 5
7536 2
9413 7
4256 10
9952 6
7983 5
10015 3
828 4
9294 5
7247 1
8212 5
2551 3
6557 3
3061 5
5330 7
214 6
4827 5
5024 4
7564 5
10666 8
600 10
4732 7
493 2
8334 2
9293 4
9780 5
10878 3
10064 8
2271 10
6243 4
1594 0
10025 7
6516 6
579 8
10942 4
4637 4
9558 6
10211 10
2238 3
156 2
5471 3
8599 8
8773 4
4027 7
9277 8
1853 8
9330 3
9177 2
6895 10
9848 2
11004 7
9108 8
5073 1
251 6
10365 1
7677 10
7741 0
9430 9
4162 4
9206 10
2993 5
10389 5
6721 9
1122 7
2447 10
803 0
4797 7
9776 4
915 5
442 8
5590 2
11486 4
856 4
9538 7
11691 4
1251 8
8983 1
1094 10
6290 7
11098 6
1373 9
280 8
372 5
1024 0
7674 10
9698 8
10740 7
4979 4
3065 5
8004 8
7126 10
11568 3
3968 6
3702 4
3102 10
5911 8
9904 5
8295 4
8801 8
10345 7
7331 8
10982 8
6864 8
590 10
6068 8
5626 5
9484 9
5418 8
4642 7
4258 8
2728 5
3536 3
8913 6
11023 6
8661 3
4652 6
979 2
9897 0
1286 7
2864 4
7149 4
8687 4
8660 7
8120 8
6529 10
8441 8
3101 10
10565 0
5992 7
4669 8
6813 1
7638 8
2857 6
9668 8
3957 2
2438 7
10884 4
3692 10
6748 7
2231 6
8047 8
10046 10
1103 4
2083 5
2349 2
2985 8
7121 8
3592 4
7425 8
7261 1
1292 7
4951 7
2865 6
5605 2
7339 2
639 8
819 8
5530 1
4391 8
5280 8
852 10
1798 6
3677 7
10502 1
933 5
1964 4
11371 8
7530 2
7542 2
4101 7
3624 2
2121 8
6730 6
6825 10
9034 8
10455 7
2555 6
8693 8
2683 8
443 10
8426 10
9864 5
578 8
5281 8
8121 8
5270 5
1422 7
2514 2
2847 2
8296 0
4921 5
1888 10
7648 2
6120 4
6605 8
1153 5
2848 2
8944 8
5279 2
5884 4
2292 7
4804 8
9888 4
3604 8
10576 8
735 4
9396 3
7341 9
8869 10
10720 8
7406 10
10440 8
4676 4
8739 2
2976 6
7006 9
9795 9
10096 1
10530 5
5387 8
2206 2
8900 8
3182 3
10033 10
5696 4
8260 8
6561 5
169 8
5335 2
3382 8
5532 5
2453 7
8674 7
9686 8
9528 4
5380 5
9903 9
2323 2
497 2
4530 4
6949 3
6136 8
11226 4
1211 3
2718 6
10607 7
9865 7
9071 5
1262 1
5022 1
7713 10
2435 4
2153 7
8064 8
8193 7
5044 8
11407 5
4662 2
1462 0
3578 10
3891 2
879 4
3535 2
11252 1
6613 2
3196 8
6281 10
5680 8
1878 2
521 5
3989 7
5050 10
211 8
375 10
2020 9
838 4
5493 4
7779 10
5939 7
3373 6
4035 9
538 4
2167 10
5383 5
5679 0
2263 10
9656 8
10872 3
2614 6
8476 1
9988 8
1195 8
5642 4
7170 8
6001 9
9241 1
4434 8
9537 2
1114 10
6525 6
5594 1
5765 8
9561 8
6259 10
6690 1
4658 4
4926 7
4654 4
5103 9
5198 5
1279 5
6260 2
4268 8
4366 10
10824 0
3910 4
10026 10
1690 1
10304 10
11597 8
6747 7
95 4
4792 10
11515 8
7949 5
7459 8
11647 10
10605 5
10647 5
9470 10
2974 6
5258 1
3023 0
1342 6
7157 2
6119 0
3296 2
3174 6
6084 8
11213 5
2631 5
7133 6
11556 0
2754 1
501 4
6336 9
4358 7
583 7
1667 9
523 2
3943 7
5099 8
8367 10
2236 8
3955 0
6154 8
3338 10
4142 7
7976 3
1550 9
1244 2
3790 7
7003 6
536 1
6607 2
5622 2
3757 8
2876 7
3928 6
4817 0
2359 10
6196 3
6604 5
5817 9
1029 8
8503 5
3522 7
10789 6
2586 6
5245 8
10821 6
7991 5
6302 8
4194 9
4886 9
6796 8
7454 2
8874 8
8444 8
773 8
5667 10
3519 8
4040 9
9661 8
5226 10
2466 10
2804 6
6560 5
3842 2
11060 8
5273 5
6908 8
5062 2
11452 4
4096 8
11027 8
9026 8
1730 7
2326 2
2690 8
6401 8
10639 10
10532 4
6008 10
5861 6
8233 7
7253 1
8655 7
5774 2
1386 9
10003 0
2798 6
4111 8
5398 5
4307 8
1183 5
1599 8
1696 8
11455 7
1904 4
1984 5
5385 8
6263 5
3312 4
5412 1
1353 8
10745 6
11388 3
5580 6
11633 8
6847 8
1124 8
92 4
970 4
2089 9
10909 2
2698 5
1865 2
6272 6
9647 6
8158 4
4363 6
10687 5
9133 4
1162 4
6457 9
3092 3
7743 0
5539 2
7052 4
4998 5
3739 6
2824 8
8902 8
467 2
7143 8
6378 8
6938 8
4598 8
6398 9
4502 0
4170 8
10554 8
10679 8
2485 10
8126 5
1438 8
5095 7
2204 4
8920 8
4522 9
7846 1
6034 9
239 7
6042 8
3139 8
2967 2
8818 1
11102 4
1867 2
10966 10
943 8
1626 2
2525 1
8993 5
8097 8
7114 8
974 6
6667 8
802 2
1469 5
8688 4
6959 10
2077 10
2311 1
256 3
10743 7
10946 0
9782 4
4348 7
7791 10
10273 9
8207 2
6185 8
8326 8
10794 5
8621 8
8411 8
9240 6
502 6
10388 8
5179 8
3321 10
8318 3
8518 3
3371 5
757 1
7055 8
10005 9
3929 0
8438 6
654 10
11329 4
11396 1
4432 6
448 10
5849 9
11476 10
667 6
273 1
7581 8
1498 7
1461 9
8115 8
6936 10
4326 2
10815 7
4420 8
5338 8
4823 4
7234 10
379 6
2287 10
7327 4
9066 6
9600 7
1354 4
2764 5
7820 8
8863 8
6203 7
640 5
3976 8
8873 0
10326 4
2364 5
9274 2
158 8
2699 7
10706 8
8855 3
953 3
7848 8
3709 8
8890 4
9959 6
9142 7
5842 7
2242 8
1649 8
2056 7
9518 9
5224 8
11042 10
369 5
6630 10
5481 8
4414 8
8857 6
5940 10
1737 7
5196 10
11651 5
5729 4
5229 8
2366 8
9731 4
5443 3
10358 3
10105 2
1909 6
2036 7
11331 6
9842 2
3002 8
2127 8
3516 10
5343 5
3100 10
6124 10
11421 8
815 3
11137 6
8709 3
5707 10
10753 3
594 2
7404 8
6722 7
592 2
9525 5
6628 7
2472 5
10653 5
8018 5
6942 5
2302 4
2398 0
5426 2
4588 2
1607 7
3619 7
7514 3
465 6
4052 10
7904 4
1295 7
3077 10
7568 3
3626 9
684 8
485 4
8299 5
2828 4
7933 0
6769 7
9835 6
4287 4
1042 0
4888 5
1313 2
2123 4
6421 7
8117 4
1380 10
5373 2
3907 10
7796 10
5433 8
10559 6
8339 8
7497 4
6402 8
9485 9
8057 3
8892 6
11050 8
7634 3
6688 7
2694 6
1881 8
7540 1
9682 8
4813 8
4699 8
9969 8
837 4
11367 10
6785 7
9173 4
11186 7
2397 8
3396 2
9820 9
622 2
8405 1
6558 4
8435 3
10586 5
3551 2
7158 10
5374 2
4183 6
7845 8
10218 3
9499 9
402 5
19 6
10390 3
9728 8
149 2
9526 10
7641 3
9397 6
7719 10
1939 5
6436 6
3832 7
7370 3
5210 8
10883 2
1378 4
8452 10
2714 10
4393 8
7732 10
166 8
6510 8
2468 7
1803 6
11536 3
1734 8
290 2
2689 8
11600 6
10590 5
5322 0
9327 8
1642 4
8200 6
2057 7
7151 4
8545 7
1222 3
361 8
8899 4
4239 8
8549 5
8700 5
5465 5
1296 4
10220 8
8992 2
10752 0
10853 10
9681 8
2321 4
7239 1
2467 5
7632 5
5956 4
9393 8
4299 5
8312 5
11268 6
8905 6
3460 5
2098 7
5372 10
1700 4
2322 2
2817 2
6453 9
6608 4
9261 8
1638 6
11380 10
10870 3
10682 7
8601 2
8069 8
2004 9
2726 4
4272 5
2844 2
9497 9
2943 8
10500 5
10954 3
3342 7
7580 8
529 2
274 8
5978 7
2412 5
9093 7
3151 8
4110 8
5613 3
1087 8
3979 8
7243 1
4795 4
11409 3
6368 8
2522 7
6413 5
9156 5
8730 2
6476 9
3155 6
7153 4
8671 4
8056 3
9655 8
8557 4
1745 8
3176 8
1010 10
9182 2
2058 6
3200 8
4504 4
9849 9
9685 4
7345 7
1514 9
3471 8
5180 4
9236 6
5500 8
8481 8
5955 7
5700 1
5164 10
1152 8
5188 8
5559 6
11348 7
5444 10
9246 5
9481 1
416 6
3468 10
10906 8
3558 4
5880 5
1384 2
10924 10
3662 6
9351 3
5838 8
10770 8
2670 1
8247 3
566 8
10540 7
10132 3
7465 3
6669 6
6598 4
4294 8
6896 10
5163 10
1376 7
7576 1
2855 10
6946 4
1219 0
11345 7
7910 8
3708 0
6563 8
4603 4
6500 7
6216 8
6932 7
5608 10
952 8
27 3
1148 5
9078 7
9309 10
9755 5
7787 10
6553 4
8194 8
750 2
2470 10
9496 9
927 8
4645 5
241 8
6314 5
9716 8
2680 8
2431 10
2045 9
9425 10
488 2
2451 1
11428 8
10458 2
3505 8
2840 2
2717 8
7195 5
604 4
2152 5
7110 7
1027 8
6689 7
9250 2
1135 5
7132 0
795 10
12 10
2280 1
1606 9
11067 3
10342 2
9613 10
8017 5
9134 10
1033 8
3476 6
2125 8
6143 7
1821 10
8832 5
890 8
7041 7
5108 10
4744 8
11562 6
10556 4
3018 6
1397 5
11538 8
1442 7
7912 8
461 2
5204 8
9210 6
6749 5
6694 0
9796 9
1601 8
10221 0
10203 2
5893 6
1 4
1460 1
11453 8
3646 8
3836 2
10786 0
401 5
6582 5
6062 7
2896 1
10340 8
1127 9
5516 2
8181 8
4521 4
1329 8
8948 8
11671 4
10141 8
844 10
8236 6
5093 6
3278 6
919 4
8395 0
798 4
3193 6
2681 2
2445 7
1444 7
11318 5
8338 8
4405 4
6961 2
5651 2
470 4
6503 7
1485 2
4619 6
6902 3
825 8
2353 2
1871 8
1065 9
901 8
6566 5
9834 9
3576 10
11048 6
6985 3
1196 7
1687 6
4427 4
7049 4
6624 8
6513 8
1107 10
4743 10
7189 8
10151 6
1674 4
10806 6
1317 10
10318 8
4720 6
5922 8
9863 10
10848 8
6595 7
7693 1
2407 2
7358 5
7097 6
6912 10
6282 6
8074 8
3017 5
903 1
1827 8
4629 10
476 10
8280 8
3491 3
5175 10
3734 5
1363 6
8561 1
9251 2
1846 6
242 8
5695 1
504 3
2589 7
1906 2
8100 6
1341 4
8105 4
9191 3
1927 8
5692 1
6991 7
2046 4
8825 4
9703 8
1260 2
9883 9
10895 8
8239 8
1561 5
7687 4
8243 2
4954 5
7633 1
7730 10
11262 9
6700 0
9560 9
10903 7
9581 10
7285 10
11529 8
7033 6
2156 9
6101 4
5693 1
11337 5
3450 10
2820 0
5573 8
1527 4
9899 9
11138 5
9118 7
5818 4
5045 8
2632 7
981 2
4372 10
11512 6
10219 8
8118 3
10553 0
4738 7
6148 4
2463 5
3214 3
2866 7
2542 6
7216 8
10011 7
26 3
10083 3
10010 7
1014 10
10269 9
3301 4
678 4
3525 6
9448 5
8848 8
10676 8
224 7
1569 4
11381 8
4012 8
9431 7
4733 6
11089 8
9838 4
2133 5
5098 2
5966 0
10604 6
10579 8
9032 8
490 5
10839 1
8559 7
10650 4
10615 8
11670 5
5091 7
5562 1
824 8
6075 10
6469 5
7178 3
4576 2
3657 2
326 5
1390 9
9453 2
4252 8
10249 8
9905 9
10062 8
8792 5
9235 5
1557 6
3360 5
2107 7
10217 4
4304 5
3122 3
8257 8
8135 1
5110 8
4147 0
717 6
5619 4
5364 5
8868 7
4879 6
6916 4
5557 1
10642 10
35 6
10193 2
338 5
862 8
5982 9
455 8
7177 6
9884 9
2346 4
740 9
10474 7
2282 5
8619 8
321 1
6651 4
9374 8
5228 5
1785 5
3994 4
188 8
6559 7
409 10
7717 1
7495 6
313 2
4814 1
2411 6
4734 2
7594 6
3552 7
20 4
11483 8
10695 8
6569 8
11240 6
2842 2
2700 6
11090 4
8151 8
3133 0
7631 8
8271 6
3177 8
5630 2
5341 6
7171 8
1910 9
2506 4
647 2
427 6
1176 5
7295 5
5306 4
5755 10
6347 0
8678 4
9048 1
8881 2
6494 7
11313 10
1477 4
9500 6
10197 2
6692 8
6720 6
716 7
3901 6
7698 4
7554 2
7785 10
6139 2
5483 4
2365 7
8746 2
10359 3
10098 8
2232 5
11362 6
6632 8
7682 10
10495 10
8162 2
754 0
8043 3
5511 8
4075 6
2255 8
1326 3
7694 1
5739 6
4793 0
4220 6
9385 10
11022 1
4746 9
5872 6
6593 10
9096 5
11643 10
10043 6
6112 6
4586 0
8358 10
11339 7
9612 8
10270 9
11247 9
4976 4
8213 6
5989 7
8440 0
1951 5
7103 8
6269 5
3899 1
692 9
6316 8
7194 8
6878 4
7130 2
830 7
2957 3
11214 8
7167 8
1062 7
4716 8
1901 8
6036 6
46 4
867 3
7757 10
238 6
11125 5
644 4
1100 4
6484 9
11207 5
2338 2
10520 9
1136 5
9781 9
3614 6
5779 2
10490 10
9837 5
4803 8
3582 10
2455 7
4690 8
7661 0
1633 4
9598 8
3107 10
10133 1
9767 4
2484 5
8268 8
1554 6
414 10
539 8
3494 10
335 8
9898 9
9225 8
2640 7
7185 8
5716 3
7317 5
3649 5
5237 10
786 2
1895 6
11209 10
2101 6
4439 6
3673 8
5681 1
5445 10
4846 8
11221 8
4868 8
6761 6
8375 3
3380 8
9756 4
4097 2
858 4
11147 7
3284 7
8564 8
5172 2
6788 7
8288 10
4128 10
5076 8
9223 8
6996 8
9434 6
3863 4
3607 4
9794 9
52 2
4933 8
7044 5
6311 4
5440 10
336 10
11059 1
317 10
543 8
10247 8
1677 8
11358 4
11164 4
7046 5
1936 8
7516 3
8533 2
6193 4
8980 8
8560 5
597 7
1031 1
3319 4
3337 4
6679 6
2392 1
7619 2
9075 10
11043 2
9175 8
9707 5
8915 4
10091 2
10541 8
8159 0
10802 8
10746 8
9694 3
10661 0
624 5
3239 1
1154 10
4033 9
7240 1
471 4
3099 10
8160 10
8270 1
10136 3
4672 8
10309 1
5077 6
11549 8
8356 8
10715 0
4324 4
5047 2
9238 4
6594 1
8173 4
7169 3
7837 8
2117 7
984 8
9735 8
9721 8
6776 5
9112 6
4624 0
5185 0
9578 8
4548 7
6717 8
2557 10
9609 10
2740 1
2049 8
617 5
5519 8
7222 0
357 5
10122 2
3096 8
4157 4
1587 8
2743 5
5863 6
10874 3
6054 8
8972 2
5669 8
10099 4
2164 5
373 4
8390 8
8718 9
8343 8
5116 0
9382 4
124 2
1399 9
2450 10
206 10
6219 8
5459 3
11550 6
2351 2
4865 4
4895 8
5079 5
8519 3
9316 8
9511 2
2679 6
6321 5
6610 4
9406 3
1837 7
7716 2
9408 8
950 6
9304 3
1293 7
1503 9
865 4
10109 8
2653 6
6915 6
8196 4
10634 6
1028 4
11074 8
6128 1
7765 4
4241 0
5117 8
3694 8
5431 3
6280 8
9363 4
1245 3
5220 8
5547 10
6165 4
8359 8
8019 2
6724 6
9097 2
8673 2
10509 6
5737 2
4151 5
367 8
5490 6
1980 2
8484 8
422 7
198 2
9051 10
3123 0
2553 7
8724 2
1213 7
6809 8
291 2
2147 8
8782 8
1083 5
6349 7
7096 9
5736 6
10808 10
11038 7
534 4
10071 0
932 10
5122 0
9604 5
3695 8
1880 2
7855 8
9211 2
10690 8
7278 4
8571 8
1716 0
389 8
7021 5
9696 8
4949 8
11370 6
50 2
4535 6
9033 8
8850 8
2440 0
11666 3
2565 7
10297 6
9079 6
8887 4
6673 8
1773 4
8939 4
9364 8
3283 6
6107 2
1147 6
6695 8
1766 6
3409 5
10622 8
5980 6
7588 6
2527 2
5904 0
10944 3
11557 8
1950 7
11068 8
5464 5
6710 4
5895 2
5036 6
5795 5
7959 0
650 2
2291 2
4401 2
10555 0
694 9
5834 8
5905 4
5401 0
2336 2
9266 5
6383 7
11576 5
3088 6
10823 3
2161 7
6447 9
2643 6
3947 6
1775 2
4330 5
8366 5
6772 9
10548 5
4599 4
5274 3
8083 8
7266 8
11570 3
4529 8
11645 4
2992 4
4336 5
5665 10
9178 4
10121 8
5223 8
2582 9
10177 6
5635 10
1021 8
3357 5
651 8
8234 6
9152 6
9074 10
656 8
9958 5
4333 5
9541 4
1564 9
4887 4
7019 7
9860 9
8904 10
8155 0
9579 4
5106 7
7324 8
494 4
1981 7
5775 8
2032 6
7967 3
11656 2
7489 7
9840 6
7323 1
7786 4
165 8
7914 7
7496 8
10108 6
3129 5
5708 8
3795 8
1263 8
9095 4
11100 4
11139 6
9824 9
9890 9
11040 7
9388 8
7726 4
4447 8
1267 10
7348 10
7990 5
10414 7
6023 8
232 8
10428 2
8195 8
4203 6
368 5
10381 2
7789 1
2837 2
3414 10
10278 4
7321 5
5124 6
5521 10
9504 9
9367 2
4259 8
6971 1
4688 7
4515 8
5362 8
4702 6
9584 2
5331 2
10327 9
9116 7
6488 7
5244 5
9791 5
840 6
2521 10
1367 4
382 8
4520 2
7138 4
7066 8
5152 10
7727 10
1056 4
2178 3
7747 4
718 8
4600 4
10202 4
423 8
4464 4
6418 6
3841 2
7832 8
9260 6
2641 9
10960 3
5436 8
11001 1
11548 0
1325 8
6055 0
9955 10
6304 8
11405 8
697 7
2599 8
527 1
9798 2
6817 8
4641 6
3873 0
7478 4
9987 8
3880 10
516 4
6957 1
11410 1
10834 8
4880 8
8952 8
2945 8
2480 5
9109 4
8548 7
7501 1
10985 3
8982 2
9615 4
7599 8
9531 8
1822 4
2912 2
5127 8
10550 10
8186 4
1068 1
3377 2
8482 8
4317 5
4644 2
11572 4
9792 6
1709 8
10995 2
1368 4
3701 7
10778 8
7688 10
6903 10
6442 9
11084 6
8521 8
5860 4
3112 10
5309 1
10536 2
1371 7
10846 8
5389 3
5600 2
1539 7
168 8
988 5
6432 7
1710 1
1741 10
4509 6
8550 6
4762 8
3732 8
2194 4
7311 8
569 10
6361 7
7510 1
2299 4
3181 8
4334 0
5986 6
6691 8
3620 2
3857 6
10881 8
7806 7
5402 5
10492 8
7208 5
5814 1
2802 8
4204 6
8974 8
5890 8
6889 3
935 3
9968 8
9676 6
1783 9
10111 1
836 4
4705 6
4076 6
4201 6
892 10
5227 8
315 7
8925 5
4938 7
6138 6
6188 5
6363 4
8819 8
5507 0
9361 2
139 2
859 8
1876 6
495 4
6050 4
7207 5
5366 5
11663 5
10061 6
3884 10
1978 6
1544 9
4650 6
10235 4
7513 1
6787 9
1131 7
11607 5
9971 6
3304 6
10798 10
1140 5
1874 8
7283 9
9501 5
7569 8
5748 4
1872 10
10178 8
6152 7
2210 6
2363 1
567 1
2335 4
10206 2
561 4
9320 2
7212 10
6671 2
9089 4
1655 7
4707 6
5060 8
10087 8
10006 9
905 2
4121 4
10353 5
8300 8
7150 8
11354 5
2237 7
5276 5
10238 8
10391 3
3082 10
4461 2
10814 10
11397 8
10256 3
7388 0
8928 3
8144 1
9708 8
10672 5
11575 8
1664 10
4638 8
9091 6
5430 3
3434 8
5677 2
3162 5
6223 3
1101 2
480 10
11393 8
3773 5
3263 3
2120 2
9944 2
5576 10
2465 3
11627 8
194 4
1971 7
8264 8
9336 6
5515 5
11447 2
8475 2
8624 3
356 5
9043 5
8134 8
9338 2
1481 7
5811 8
8263 6
6589 8
7701 4
6371 4
3473 5
1298 9
2080 5
3719 10
5987 5
6927 4
4053 6
11543 0
923 10
10181 3
6635 5
2333 2
2671 6
10125 8
8133 6
9718 8
1250 1
6208 5
6764 7
6649 10
4894 6
5541 8
84 0
4592 4
4071 4
6052 8
4924 4
6867 8
10581 5
10643 8
6555 6
5267 5
1054 8
1621 6
9492 9
9099 6
6779 9
2712 10
4132 8
307 5
9447 6
2059 8
1420 7
6906 5
4646 8
4199 10
7761 10
9831 7
11212 6
957 5
3577 10
4937 8
4860 8
1188 4
9299 10
378 4
10558 0
4709 6
7679 4
1761 5
10445 4
3886 2
4751 4
5977 0
7758 4
3171 5
630 8
2084 4
3678 8
4704 6
4014 10
9486 9
1492 5
9907 9
8588 8
5021 5
5334 8
5663 10
263 7
5643 4
3051 4
2111 6
108 5
3679 7
4395 0
4757 8
6548 4
5638 10
10710 8
2500 2
6883 5
3991 5
8790 0
1995 7
8303 0
2278 3
5871 4
9368 5
10929 2
3608 9
4060 7
8583 5
7236 1
6612 4
9103 8
9257 1
11684 3
10691 5
9168 5
99 4
10346 0
4187 8
2288 2
3188 8
10718 8
2469 5
5564 1
6365 10
1080 8
1744 6
5625 10
4000 6
2832 6
9793 4
9460 9
3562 1
11052 6
4737 8
1875 2
4550 2
6744 6
7017 10
11495 10
4727 2
11456 7
6156 8
1929 2
3134 8
11460 10
8664 4
2667 6
6857 0
6015 5
463 2
9640 3
7172 8
10334 0
4829 7
253 2
1590 8
2549 8
6727 9
7427 6
9155 4
6309 6
9221 8
4042 7
1691 8
3883 2
572 4
7000 7
1500 4
5687 8
6159 6
9788 9
9454 9
1323 2
10233 8
6576 8
5675 6
10975 7
5205 8
5311 2
9233 4
6230 10
1463 9
9770 4
956 8
5255 8
9648 8
7819 10
10332 4
3057 6
853 5
8591 2
11676 8
2300 2
1943 4
9812 9
5088 9
1738 1
10990 8
8224 3
134 2
5586 2
10800 8
3661 5
7560 5
4569 9
755 1
4098 2
4788 10
2409 5
5423 2
5232 4
5914 10
9333 5
11540 3
6053 4
7333 6
11356 6
3550 4
11165 6
7916 7
10469 10
4885 4
1552 4
1958 4
11149 7
5900 8
7008 0
511 8
7125 10
4308 8
6012 8
7313 10
2 2
7307 0
4849 8
4826 9
6778 9
3727 9
8099 0
2251 1
9011 0
764 1
5901 6
10497 8
4460 8
3937 4
10543 8
9590 1
3050 10
2830 2
8139 1
7822 8
8828 6
7556 8
6493 7
10073 6
6924 4
9069 8
6286 8
2562 8
2456 2
7700 2
8629 8
1815 4
11200 8
8822 8
8558 8
405 8
4484 6
842 4
4465 4
9391 5
8455 3
5649 10
2652 8
8945 8
192 8
7100 10
9691 8
11201 8
11437 4
8866 8
7950 3
11129 5
11634 10
9978 0
601 10
3707 3
3758 8
2615 6
8128 6
299 8
4309 8
3276 5
10422 5
7911 8
302 2
1887 2
1991 9
428 1
1509 7
5411 3
10638 8
9098 5
10330 6
9740 4
10296 5
1327 4
9625 3
7014 9
5881 8
4666 0
1452 4
1113 10
3508 10
28 3
6357 7
5201 8
4873 5
9322 10
5486 8
362 5
3369 6
2250 10
1180 3
10779 6
5053 8
9559 9
9565 10
8313 3
395 3
9859 4
3644 0
1933 8
1581 5
4140 8
7386 8
4531 8
588 5
3641 0
2552 7
4536 6
1919 10
1864 2
6372 0
7575 1
9318 7
10368 6
7752 1
1175 2
1472 6
4266 2
5865 6
5525 4
10483 3
2437 5
1966 6
2799 5
4150 4
5260 8
8544 7
11036 7
7617 8
8540 10
5870 5
3495 8
7334 8
2429 6
1336 7
3395 8
10511 7
9139 0
9861 9
540 2
2324 2
6390 1
8374 6
2371 8
1441 8
7053 8
5584 10
11426 8
6655 8
9376 10
6790 9
7544 2
3956 8
1603 7
11118 5
826 8
6039 6
806 2
1321 3
7833 0
8045 8
4310 0
4872 3
5585 3
9797 7
6312 6
4843 4
4253 8
9991 2
9467 4
11632 6
1586 0
11399 6
7697 4
9727 6
9102 7
6122 2
1039 4
6322 4
2620 9
7009 0
1954 8
3413 5
5524 1
2132 3
8771 2
5419 5
8876 6
7464 4
3613 0
8934 10
6999 7
9028 5
2165 8
6975 2
10566 8
9219 10
10626 8
4850 6
752 8
6768 7
3892 7
4883 7
10148 8
10070 8
3706 8
5763 2
2477 8
257 7
3213 4
3696 5
9047 7
2395 10
9724 10
9228 5
7804 8
9353 6
8508 10
2260 10
3974 9
7078 6
6893 5
4146 8
822 8
3388 2
6562 8
8157 8
9216 5
1040 4
7620 10
4180 4
2635 9
8050 6
9015 7
1839 5
8445 8
6976 8
9398 1
8897 6
3969 6
7909 6
6065 8
3279 6
2313 10
5531 1
5449 1
1144 6
4906 3
6303 8
7414 8
10609 0
157 8
2812 3
8329 0
10525 2
3665 4
6318 8
11349 4
4667 0
6860 6
7268 4
10837 0
4990 6
4387 8
6538 8
4265 8
5725 6
8919 8
11406 8
386 8
3904 7
8076 10
1932 10
6330 5
3449 7
6956 9
8838 8
1720 0
5826 5
7539 2
9328 5
8880 10
800 5
10646 8
9946 8
4574 0
1834 4
5347 8
3521 10
562 4
8586 6
2168 5
8955 4
4409 5
6452 6
5240 8
7630 8
5640 10
1277 7
10328 9
7488 8
10708 4
1556 6
9164 2
11419 2
8046 3
9766 4
9877 9
8227 6
1675 2
1743 5
8330 8
11668 4
3152 3
2616 10
7639 5
10772 10
7844 2
6415 7
1787 7
9204 6
11613 6
5816 7
9570 5
2389 8
5644 2
8795 10
10722 9
1142 2
1314 10
445 5
8351 6
3179 0
7411 0
1139 6
891 0
8695 6
7023 5
1708 5
9280 1
10636 2
2482 8
961 4
11351 8
4293 8
6465 6
7397 8
2612 8
2008 9
4898 5
8706 10
6899 8
5130 4
8370 8
643 8
1297 4
5567 4
2970 4
9081 4
997 9
11227 4
10366 6
4134 0
6994 4
5709 7
76 10
5453 6
993 0
7392 8
5527 6
3262 10
9563 6
2823 8
5965 8
1075 8
7603 8
10991 1
4302 8
2779 8
2577 7
6213 5
6672 8
11320 2
8457 6
143 4
9621 2
5747 4
9970 6
10603 6
8741 2
1899 8
10980 5
4480 8
11623 5
5866 7
6528 6
9234 8
1698 9
2490 10
7676 10
1956 5
2580 9
3343 4
9357 6
1256 7
9041 4
4441 2
8999 6
10727 0
11527 10
1719 8
438 1
5278 8
11664 8
8005 3
2607 4
8532 10
8810 8
4950 6
4182 0
8581 4
11369 8
8978 7
3432 8
10126 6
5170 4
2497 2
7503 8
9160 7
8640 8
7961 5
5173 4
8451 10
2355 10
632 10
5068 4
3869 6
7120 8
258 3
380 8
1812 4
1210 8
10144 0
2181 3
9371 10
11492 7
642 10
3333 9
1650 2
8472 5
10089 6
7492 4
4620 4
1747 1
10 10
1381 7
5823 6
8949 1
8942 10
10761 4
5751 7
7036 5
3064 5
10818 8
10517 8
6746 7
2696 7
8183 5
3622 6
11271 7
3160 8
10261 2
3322 5
1288 5
9291 1
4516 8
8430 8
3438 1
659 2
5467 4
5314 10
6827 6
10378 5
462 2
5221 7
459 4
7429 2
1061 7
10157 8
3518 1
8473 10
5862 2
7740 10
9687 6
3794 6
6106 2
3221 0
1516 7
2360 3
1345 6
5502 3
8728 2
5799 4
1749 8
11166 8
6819 9
10927 5
3761 8
6737 4
7228 10
10027 4
6497 4
6639 8
8976 8
3916 7
10897 8
4587 8
4158 4
2478 8
170 6
10382 5
3572 8
4759 6
1780 6
5102 4
9194 5
9906 6
11000 8
8447 8
4046 5
3401 0
9895 6
9187 9
431 3
3839 2
7081 9
10600 8
3617 8
7354 8
5778 3
5393 8
5476 5
11545 8
7571 3
8830 8
1475 5
1542 6
3454 6
89 1
2433 5
4022 8
1520 6
6305 5
8333 3
6993 8
1568 9
6904 10
1619 6
11267 7
796 8
9126 3
7696 10
3022 5
10335 2
7602 0
4916 8
8016 3
3670 4
7567 6
1067 7
1985 9
11564 8
2225 7
5323 8
7360 5
9759 5
5118 9
1693 0
8947 10
11642 6
5187 5
288 2
3959 3
9262 2
5355 5
8580 6
5664 10
10162 8
11232 9
6082 8
8197 8
1194 8
10348 10
8535 4
10479 0
11573 10
6537 3
11520 10
10596 7
3834 8
10200 2
9580 8
11234 8
5678 6
10078 4
4028 6
5561 1
1740 2
8378 5
7987 5
6965 9
3125 5
9297 10
9471 8
2636 7
7994 8
7291 6
1366 5
5617 3
4902 7
9889 9
3728 9
3265 4
359 6
3020 6
8893 8
4758 10
3509 8
3547 10
8448 1
7565 5
10618 5
5831 3
9184 8
8622 6
5999 9
6419 9
8937 6
5668 3
7577 1
9741 4
10164 4
7852 10
5169 8
103 8
9853 5
3126 4
3987 6
5131 3
2252 10
9346 7
4328 5
7771 1
10713 6
5970 8
4215 8
11387 10
10239 2
11157 6
9764 4
6428 9
6921 4
8119 8
7181 4
3461 10
8406 8
1813 4
10213 5
8341 1
8584 5
990 6
11077 8
6340 10
7913 8
8201 0
3751 5
8396 4
7221 6
4981 6
2383 8
1394 4
9150 4
7226 10
10813 8
6995 8
1824 8
6939 6
7310 10
3054 8
9195 1
3115 4
6155 8
11674 10
4264 4
2305 1
6127 8
10465 8
10797 10
9063 5
7657 4
10864 8
7608 5
421 5
4213 5
9370 0
7289 4
9830 9
5897 8
8294 8
9062 7
3741 6
8889 4
8392 10
10728 8
2602 8
5358 5
7246 1
7524 8
3081 10
11602 5
4273 10
625 10
10212 8
6573 3
4261 4
5848 9
4424 6
2988 0
8081 5
7966 8
1595 5
6175 8
3503 4
5549 8
4025 9
8648 7
7673 1
270 6
6584 5
8237 4
11130 9
2962 7
5543 8
312 2
10406 8
9734 1
8527 4
1494 4
9049 8
7766 8
2261 10
486 1
355 2
10570 8
1519 3
3903 8
10754 4
10862 8
2963 6
4756 4
2650 7
5636 3
4495 7
11347 7
7592 5
2410 4
7399 8
1522 4
646 4
821 6
2144 2
8903 4
5320 0
1374 7
2013 4
4459 2
10072 0
29 2
5806 10
6380 4
8683 7
946 4
5589 10
3199 5
1636 4
1238 6
11390 7
4210 9
7615 4
6134 7
7058 8
8423 8
8185 1
5753 10
1624 6
5554 10
2587 9
2119 6
333 2
4235 8
5074 4
2977 8
7347 10
10467 3
5915 3
2655 8
9658 8
58 0
8246 4
3370 4
7315 7
652 8
1796 5
4277 5
920 10
10932 8
9571 10
2317 4
8767 8
1955 3
955 5
1666 6
2315 2
1123 8
4918 7
6179 8
5924 4
1493 4
6750 9
11440 7
5523 4
9810 9
3451 4
10508 5
3481 2
4767 0
3270 5
7242 6
7507 1
8723 2
4296 10
8297 8
5796 8
3868 1
5602 10
5528 8
5740 2
7751 10
7831 8
4859 5
3597 6
3168 8
9586 8
9452 4
7395 7
9278 4
1579 0
1620 2
7183 10
23 4
7600 4
8161 8
7596 10
2249 10
715 7
4927 4
6535 8
5790 6
7857 3
7124 3
9188 6
9458 4
3009 8
10449 10
6057 0
1249 1
5056 8
9869 5
7906 3
1312 4
6224 10
10159 5
5107 8
374 10
7522 8
11333 4
7621 8
9951 8
6823 3
6623 8
2348 2
3328 6
8924 4
7244 5
7627 10
8276 0
6044 3
7203 5
1850 5
11064 1
500 5
5510 8
126 10
435 1
776 4
7597 6
3215 10
10593 2
6877 5
9683 3
5292 4
10810 1
7186 8
5656 8
10759 10
5770 0
8918 3
3329 4
1797 0
11503 1
5216 8
106 2
5400 1
11374 7
4686 4
8230 8
6100 5
8410 6
10847 10
531 4
10795 2
1166 6
548 5
1808 4
5723 10
2245 10
8721 5
6854 4
5825 7
2130 8
3110 8
10019 6
6461 7
210 8
2081 7
9125 3
2388 8
9307 10
5993 7
2598 1
7907 9
404 7
8938 4
6508 8
2193 4
11567 4
2224 6
2491 3
10118 8
11605 5
11261 10
4721 6
3984 7
9284 8
3384 4
5217 4
6408 6
5612 8
331 3
3610 6
9200 5
347 5
5460 3
547 5
9127 0
8309 5
6945 10
8708 8
10268 6
8659 6
2972 4
7945 5
8240 6
6449 7
10316 7
6229 5
5413 8
3458 10
11224 0
994 7
5288 8
9348 10
11658 2
10396 9
1678 8
10160 8
1271 10
10519 4
8973 4
10424 10
593 2
8206 8
9377 5
11681 10
1396 7
4947 6
7643 2
9137 6
5629 4
2172 0
8272 7
7241 1
10764 10
9487 9
4236 10
8547 6
9773 9
9802 7
411 2
2634 9
9442 6
8495 8
2581 9
9635 8
4612 2
8652 0
4812 8
10610 4
3774 6
693 2
11334 5
6466 9
8523 2
3187 5
10460 6
4018 2
4089 9
7930 3
7211 10
11035 8
9324 4
8694 2
5000 9
9710 8
9546 8
3656 4
7782 10
5506 0
1651 5
4714 2
2382 4
9444 10
11222 8
7980 8
1829 3
5545 10
9960 10
4492 8
1468 7
907 8
9331 3
5234 8
11411 8
9414 7
11412 8
9574 10
2605 8
4263 5
1464 10
2202 8
1407 9
1174 8
11322 2
7067 8
560 2
8815 3
2122 6
3106 2
7699 4
7088 5
11442 8
11132 7
4970 10
6909 7
9790 6
4681 7
4037 7
10438 4
2417 2
6661 1
10898 8
10557 8
11467 2
5902 8
5609 8
10082 5
1949 5
8485 1
873 0
4205 5
2950 5
9209 5
7259 3
2023 6
6031 7
3674 7
663 7
5750 8
4163 4
1831 5
5316 0
7637 8
10404 4
4030 9
727 7
4610 2
6278 4
7421 8
10021 6
9804 9
1648 4
2979 8
2222 9
9836 9
10560 8
5009 4
3756 1
9114 8
10290 7
7763 10
2621 9
6367 8
6960 3
971 8
4858 8
8990 10
1433 4
8572 8
1160 5
7204 8
10054 6
959 5
6069 5
9226 8
731 4
3095 3
9445 2
130 6
6792 8
3307 10
5424 2
10868 8
5685 1
10984 10
496 0
3760 10
4152 0
10415 9
3379 8
3334 5
6108 8
5738 8
5953 8
185 2
2030 8
8585 2
320 2
3659 5
10788 3
2191 8
3722 6
7012 6
7326 10
4876 8
4102 4
10956 0
4174 10
6279 7
8616 8
8156 7
10127 8
8164 6
7681 6
847 2
1304 2
4286 10
7105 10
7199 10
6109 5
6231 4
11501 1
2771 8
6146 8
769 1
1057 8
3390 7
4209 9
9110 8
2135 3
5496 8
6758 9
11239 6
3013 1
212 8
152 8
9567 8
3691 3
2247 2
2413 8
456 6
8108 5
6586 7
8282 8
10380 2
8089 5
4173 0
5851 1
2330 10
2034 6
3271 8
9054 2
5272 8
10504 7
1092 10
3261 10
2275 10
791 6
5339 10
10314 8
6967 9
6468 7
7116 8
102 10
9290 8
252 8
4275 8
6840 1
8400 8
7739 10
8707 8
7974 3
383 10
10654 0
6600 8
9189 9
8127 1
6636 7
10307 8
365 8
8364 0
1355 9
298 4
734 4
3888 10
5067 8
4342 8
6786 6
8060 3
10075 8
9129 1
5369 4
636 2
10549 8
7714 5
418 2
2608 5
2047 7
11321 8
6325 10
733 7
9765 4
1947 9
10668 8
11072 8
5156 10
4710 6
244 8
8783 7
11427 5
1537 7
4007 10
545 10
5203 8
4023 7
7972 5
1319 5
680 1
1551 9
5428 2
8725 2
7948 8
4956 7
7260 1
1597 10
10785 0
10599 6
5598 2
10551 8
514 4
7393 8
184 2
621 2
4802 3
1016 0
1170 8
6521 6
1809 10
10657 5
6267 3
6798 6
8490 10
1205 8
193 2
1582 8
7390 3
7083 9
10496 0
7282 9
3917 2
9004 1
1806 4
1022 8
7645 2
3205 5
5351 2
10659 8
5633 6
7839 10
8667 0
698 5
4825 7
1076 0
1169 10
10524 6
1049 0
11444 4
5065 9
2116 6
1912 6
2262 10
2055 6
9995 4
5684 1
6966 8
3557 6
5676 2
2706 7
8779 10
10155 8
5932 5
8726 2
4206 9
120 8
3905 6
2952 6
6116 5
3175 5
11561 8
1819 7
10431 1
3260 10
1202 4
5592 8
8831 6
4989 5
8324 1
4323 8
2303 1
6935 3
4589 7
6492 7
3416 6
6276 8
107 2
6766 6
1724 4
1023 8
11202 5
11589 8
8048 8
577 10
5238 2
2281 3
7424 8
9688 0
9660 8
8208 8
10190 6
2818 10
1466 9
10097 7
6445 0
6998 1
6846 2
1641 10
3669 7
6222 5
5119 4
1979 9
3945 10
8662 4
2546 8
2544 8
8539 8
833 0
1777 2
1496 4
8414 2
7574 1
11236 9
6199 7
8079 6
10875 8
1781 7
3882 8
4597 4
6037 5
3478 5
47 2
4835 10
6256 5
8285 5
5035 8
7691 8
7593 6
5160 3
11594 8
2341 2
8593 8
8315 3
9154 8
1038 8
377 3
7263 1
424 8
9275 10
5641 5
1759 6
2856 3
6685 10
1860 2
10336 10
2981 5
4159 6
7830 8
3340 6
8682 10
3011 8
11071 6
6684 4
4683 9
10258 6
1968 7
340 10
8841 1
10612 5
11599 8
11121 7
2603 0
3705 4
1204 8
5819 7
2533 6
9868 9
3963 4
4665 0
3345 8
10737 7
2227 9
6565 8
10482 8
161 2
7175 0
4036 9
6379 8
11454 3
7191 6
9381 8
3142 7
10076 8
8835 3
4809 3
9639 8
9825 6
4571 8
8332 8
8555 4
8578 6
8487 8
6455 2
9757 3
4651 4
11171 8
1338 6
9937 4
6226 4
6646 8
5359 10
9606 1
10192 6
410 8
4815 1
7685 10
7043 7
10910 8
1046 4
3791 6
10376 10
5033 8
4438 4
2761 4
513 10
4279 5
748 8
5360 5
7604 7
11432 5
9483 5
9106 8
498 5
9082 5
6189 5
8417 3
5378 8
3865 5
3097 10
4842 7
10373 3
10805 5
3327 5
6431 6
11328 8
4755 4
6170 5
1934 10
6382 10
6214 4
2688 8
3549 10
6821 9
2583 9
464 3
9399 1
7840 3
11692 4
3716 6
4212 5
5482 10
7511 7
9432 2
9045 8
8311 8
3366 8
6066 8
3936 7
9630 5
747 5
8437 0
7197 7
474 4
7690 0
9506 6
301 4
2995 5
9412 0
1976 9
6570 8
4673 7
6580 10
11092 2
8146 1
220 8
1036 0
1983 9
6195 1
10140 8
607 7
5593 2
2572 9
5178 7
2195 10
9992 2
8604 10
559 4
5571 1
1459 4
5499 1
137 4
9130 4
8434 3
5917 3
8923 8
4836 2
3714 7
9582 8
5787 7
7598 0
9355 8
8894 10
447 0
10205 4
4907 8
2517 8
7232 4
6443 6
6142 10
3117 4
3010 8
2028 6
9743 4
11673 1
3766 8
6647 5
6871 8
8266 3
11061 2
8010 2
889 4
9196 8
9427 9
1239 5
4729 4
1086 8
7249 1
4533 8
4428 5
9997 8
5634 8
5100 8
4854 8
9479 8
3361 8
8837 4
2539 8
2106 9
9653 4
2871 6
5957 4
2021 7
9515 4
841 6
5899 8
1658 5
789 2
9519 7
8302 8
911 8
7936 3
925 10
1119 9
11525 8
4618 2
7351 10
3466 10
5821 2
3587 3
6937 8
756 0
10630 3
5104 6
10542 4
11143 9
10978 0
4987 7
8053 2
4722 8
10537 9
2327 2
8218 8
3949 6
8775 0
4347 3
10816 2
8422 3
5518 4
5758 3
5733 4
7979 8
2624 6
11485 2
9380 8
6270 5
8512 1
3965 10
10473 8
7 4
8935 8
6186 8
3147 4
3489 2
10529 8
4069 5
10757 4
11593 8
4384 8
6643 6
3287 5
8035 5
3098 10
1574 3
3367 8
3763 8
6504 7
6288 8
3918 7
4905 7
7794 8
4819 8
10427 4
7007 7
1631 4
8244 4
6866 0
7977 8
4625 8
6358 3
1132 8
10515 4
6240 6
4343 4
10313 4
3269 3
4541 6
10398 6
4664 10
7850 3
8617 5
8515 8
10912 8
3913 8
5558 2
5845 10
6060 7
387 8
10675 2
7735 10
4394 8
982 4
10423 2
3163 2
8543 9
10188 10
11243 7
11039 10
544 2
9030 7
7162 10
2907 6
6464 9
10457 8
11629 4
6275 3
6360 8
10619 4
6891 10
2676 8
5315 8
10263 8
2512 2
5384 10
9637 10
9711 3
7792 5
8279 0
10670 5
4295 10
10286 0
6502 7
3275 10
2563 10
2639 7
8864 8
9620 2
6308 3
6182 0
10204 5
3893 8
2816 4
8916 8
7209 2
9709 3
2744 1
4606 4
1351 4
4572 3
8680 2
7940 4
8072 3
6861 5
8412 6
189 10
9954 8
1053 8
10114 10
9540 2
9816 9
3743 2
1474 6
11075 6
2216 7
7918 2
4172 6
11256 8
793 4
7287 8
3718 5
8759 8
6022 4
4577 8
10447 8
10329 5
8596 0
6420 4
3602 4
10953 8
436 2
11352 2
2376 2
1987 7
11592 8
2656 5
575 10
2790 7
10716 8
6411 8
5301 3
140 2
2175 5
36 4
3488 10
8063 1
987 1
8267 6
6782 9
7611 5
136 8
612 2
4435 10
11653 3
5912 5
1801 7
5052 8
11608 8
2011 6
2822 8
4545 3
5563 5
1967 7
284 6
131 2
4177 1
10916 8
9627 1
3537 1
5257 5
864 4
5906 2
8641 8
481 8
8860 8
6820 7
9901 5
5735 1
2316 2
396 10
9931 2
5771 5
4695 1
2331 8
6887 8
2843 2
11585 8
3317 7
8686 4
8143 3
909 6
9602 2
1125 7
6448 7
9763 8
6289 7
3146 6
7418 8
7663 0
3996 7
4357 9
10744 3
3422 2
3700 0
7799 3
1275 8
110 3
10971 7
606 6
949 8
2854 9
9401 4
7929 3
9677 8
10917 8
9306 3
10817 8
3693 8
9762 8
1892 6
6807 8
2475 6
2633 6
7671 4
4100 3
4249 6
6540 8
6356 5
9548 7
4340 6
6064 10
8114 8
9733 2
4608 4
5394 4
7711 10
6704 7
7835 8
6711 8
3724 6
8649 10
5256 5
947 4
10871 5
2782 4
2051 6
6035 6
9031 9
1555 6
8742 3
3964 3
6294 3
4064 7
6726 4
7409 1
2982 6
10533 6
8672 4
4611 5
8716 4
1030 5
3524 1
3256 4
4631 10
9073 8
5165 3
2644 9
8020 5
1482 7
1456 1
1018 6
6868 0
942 8
6157 6
5813 6
11687 0
8546 6
3590 8
10387 4
10333 4
11546 3
6585 10
6506 9
3783 8
9213 5
5820 5
9474 4
9641 8
7146 6
2368 2
2082 6
4024 8
5399 8
4141 6
5935 7
4614 8
6364 0
7269 4
4811 8
3484 5
8511 8
2092 7
11661 7
2002 9
8453 5
2005 4
3923 8
9527 4
7210 10
390 8
9088 10
3980 8
6653 8
9744 5
9227 8
2834 6
6564 5
6071 2
5520 5
11435 8
412 2
1659 9
5151 7
507 1
2558 7
9273 5
1711 7
6046 8
6702 8
4845 10
9587 8
6352 8
9359 3
5996 5
10773 4
5212 8
916 0
8793 5
5337 6
4426 8
7561 6
10375 6
10216 3
5078 8
5762 10
7013 7
1414 5
5473 4
8657 0
7485 10
4237 0
4130 10
8150 1
9457 9
7082 6
10331 9
4370 4
10499 2
6463 7
9984 6
10199 2
8552 0
2068 7
1388 9
11448 8
11439 10
7769 1
3308 0
2430 4
563 1
9186 8
7989 5
804 6
11233 6
7552 2
11366 8
11332 8
8933 8
1517 8
9690 4
2007 9
2405 4
3507 5
318 7
10577 8
2765 8
1209 6
2246 10
1973 4
9423 3
2959 8
5189 8
3930 0
973 8
6509 8
818 8
394 10
10000 8
1157 8
2356 10
4818 2
2794 7
4419 8
1779 10
4118 8
3393 8
4877 8
2217 9
10420 8
2334 2
10585 4
6410 8
635 2
9345 8
8800 7
2965 5
8397 3
7223 8
9585 6
7836 0
2739 1
6171 9
4983 7
10489 8
217 8
11458 6
2702 6
5961 8
7731 10
10688 8
10437 4
4594 4
6824 8
3349 8
4749 10
7664 10
10439 8
1988 2
4171 10
9303 4
10644 5
1695 4
6145 5
857 4
3091 8
8551 8
8187 5
8579 5
11219 8
6829 4
6080 6
582 8
11509 10
8733 2
9589 3
7985 8
11338 7
3233 3
7548 4
11535 8
9800 9
991 1
10840 8
6362 9
602 8
7795 4
5157 1
9436 3
1778 6
3210 8
8859 2
5136 3
9296 10
1208 4
1117 10
11507 8
9618 2
6283 7
876 10
3036 5
9689 8
3197 2
1215 5
5197 9
3703 6
11107 8
334 4
2738 5
823 8
2795 6
595 4
10914 10
3581 8
1253 1
7119 3
175 6
3977 8
6851 8
1835 8
986 0
8314 10
9248 2
2693 5
8781 3
7384 8
6375 1
1725 8
2259 10
4655 8
7749 4
1671 9
10362 8
2014 9
5548 1
618 4
10887 8
11655 4
449 7
4579 0
8232 7
8372 0
3588 8
9979 5
1937 8
5494 8
3998 6
8658 8
537 10
2651 8
5054 8
6530 10
11518 8
1273 5
151 6
4131 6
7849 8
4581 0
9887 7
5652 3
9846 6
11119 6
1377 4
1268 8
1424 9
10700 8
11169 3
1629 9
8242 8
14 1
1315 4
2919 2
9335 2
2362 2
5092 6
6876 2
9591 8
10394 8
7520 7
11644 5
5353 4
8554 8
8225 3
6858 0
2595 8
1364 6
4630 1
9052 6
11384 8
3981 0
4514 4
3375 2
10377 2
5284 5
1112 10
9136 2
3995 7
3710 5
1836 7
2267 10
8526 8
8885 6
3113 2
4043 9
2162 6
9818 7
8054 8
4143 0
1998 9
1907 2
4857 8
7064 3
7086 1
975 4
2588 0
7330 8
204 2
3510 5
6662 7
7958 6
10528 8
1081 3
1432 5
439 2
1402 9
9128 3
10009 2
7953 8
10730 7
2184 6
10567 8
2850 2
589 8
7934 3
2727 7
5046 2
3254 8
4627 10
10790 0
10776 8
8322 8
4591 3
3563 8
6117 8
11475 8
9244 2
4601 3
6832 4
1226 4
4999 5
337 10
10093 8
6670 2
3894 7
10123 8
11598 6
8595 8
5785 6
10462 7
172 8
7529 3
3052 2
6740 4
5670 1
3924 5
6795 4
11150 2
2279 6
10267 5
7970 3
8317 8
2434 8
2038 9
2182 3
1758 8
738 7
2294 10
6341 5
7051 8
8373 6
7230 2
10350 8
10448 8
3332 6
316 5
4129 8
8563 5
6032 7
8509 4
4297 6
9662 5
1982 9
1105 2
9383 4
11532 8
6988 4
2070 7
8517 8
4068 8
10780 3
5468 5
8846 7
1473 7
6271 5
8381 2
159 8
3164 8
3172 8
7813 8
9148 7
10631 2
5264 8
2248 4
473 8
1181 0
2642 2
8306 7
2329 2
5023 8
150 8
9980 7
9914 0
2343 2
5844 9
8607 0
8223 8
9124 8
3876 8
2486 3
2209 7
3531 6
5962 8
2203 0
10036 4
4765 8
3768 3
11179 7
8987 6
3475 5
7843 10
1679 8
5503 5
7304 8
478 8
9827 9
9808 5
3153 8
9087 6
4636 10
9060 8
814 8
8382 1
3194 8
10195 6
5620 3
9198 2
11611 6
11365 2
4680 9
9833 9
8365 2
2548 0
7275 1
5287 0
8355 3
332 10
3682 6
6801 4
1610 4
5604 4
6161 0
9915 6
3720 6
11183 7
8699 6
1052 8
8287 6
1714 2
11504 1
2536 2
5268 8
6478 9
11510 8
8789 4
4957 7
1431 6
7068 4
9857 6
8413 4
7463 8
1637 4
8932 7
5711 2
1237 4
8786 7
10395 4
730 3
6507 7
2591 10
7352 3
10129 8
8376 8
4920 6
9466 5
6732 6
8738 2
4049 5
171 8
5463 5
1149 8
9530 8
10865 8
5963 8
1389 4
608 3
551 8
6429 7
8284 3
6198 4
1774 10
11519 3
2254 10
4505 2
11246 5
2745 4
4745 6
1041 4
440 6
6235 5
3363 8
5879 4
5312 8
10781 0
3779 7
5843 4
2673 7
1870 2
8389 8
7074 6
293 6
3470 5
3499 8
9263 10
10067 0
9305 10
2265 10
8670 6
2115 7
4941 6
6174 7
9424 5
10886 1
328 8
8286 6
1382 9
4580 8
4701 8
1794 5
3684 5
11595 8
3402 4
10775 8
10004 8
5070 7
10624 8
11373 8
4269 8
3273 4
6265 6
6255 10
10352 7
7214 4
7662 0
5168 3
7715 10
11196 3
9513 4
4079 5
7587 3
4604 4
265 2
3437 5
10943 3
2421 4
751 4
1233 2
10044 8
1515 7
8587 3
11272 10
8911 8
1613 9
3272 5
11615 8
3688 8
4507 4
9973 5
10649 8
1320 5
3012 8
10435 10
2286 8
7917 7
613 10
7760 10
4195 4
10582 8
10337 5
11578 4
2627 9
6505 6
8178 5
5538 3
7179 9
4866 6
4274 4
1994 6
283 9
9712 8
8676 7
8248 6
1229 5
9070 5
1524 4
5837 10
5395 4
1116 10
3730 8
10698 10
10711 0
6486 7
8182 8
709 4
8383 1
86 2
5375 4
2425 8
1884 9
4073 2
4482 6
1816 4
1553 4
4156 5
6043 8
8717 10
8055 3
3397 2
6183 1
4070 3
7654 2
7626 5
1694 3
127 3
2085 10
1632 6
7306 8
9279 8
8281 1
9267 0
1838 6
2439 5
5908 5
9343 2
5354 3
6451 9
1689 10
4578 8
4544 7
7573 8
2208 6
1206 8
668 5
8137 4
22 2
9495 7
9631 5
8971 2
5342 5
6997 1
9441 6
674 6
6919 8
6 4
3198 3
9787 9
5659 10
8130 10
7163 2
1234 8
5560 2
940 6
6822 3
2158 9
10998 6
8849 8
1393 6
1752 0
2379 8
3313 10
2692 6
7355 5
13 6
306 8
7417 0
9985 2
2927 2
10674 2
6984 1
11398 8
11617 10
8387 3
8347 5
5777 8
10405 6
958 1
6955 7
7748 4
10854 2
3463 3
2241 5
10034 8
5764 10
3852 6
5745 10
1765 8
10319 7
1712 2
6578 5
1177 5
1439 9
3664 5
9268 10
8368 4
10620 6
8354 6
8102 6
1073 6
2585 9
1528 4
10831 5
5112 3
9815 7
609 6
11539 3
4006 6
1697 4
6869 0
5194 2
7219 7
6103 2
11026 3
7744 4
5722 10
1851 5
7526 9
6882 4
6370 8
4122 4
6637 5
8204 2
285 9
3039 9
9679 6
10692 8
10029 8
11516 8
3675 7
7254 1
8044 3
4719 8
7111 8
1640 8
7802 5
3431 2
2296 4
1198 10
1230 5
391 1
9158 9
10522 4
1609 5
10451 5
6862 0
6806 8
10484 7
7257 1
1352 7
3500 2
11505 4
5705 8
9404 4
7754 10
1578 5
3220 6
1429 9
6741 0
2442 1
10652 8
4344 3
7271 6
5034 2
4643 3
3736 0
1391 9
10921 1
1192 4
7814 1
3417 2
9823 9
6441 9
7851 10
9462 6
9197 2
1071 3
4154 10
11033 8
5976 8
2109 7
3612 6
8744 10
10464 9
8394 5
3854 4
352 9
5756 4
11117 7
9749 2
584 8
11046 6
6475 9
4113 8
7004 9
1993 7
10689 8
739 6
4725 8
9617 2
3324 1
7475 8
5089 9
7184 4
3919 8
1064 9
3856 2
9340 1
8293 8
7431 8
9046 3
10276 9
655 2
3346 8
2742 1
11070 8
3830 7
5421 2
9533 6
114 2
7298 6
7500 1
4278 5
8443 9
3850 4
6716 7
10175 8
2530 4
5259 8
9619 2
2094 10
8823 4
2701 7
10068 8
1220 0
2729 9
832 8
6714 8
9313 6
11197 0
7746 1
8404 8
3606 8
2118 6
10116 4
2509 10
11431 8
1019 4
1791 2
5437 4
11587 8
10704 0
11640 1
784 4
11636 8
2244 6
2097 7
10725 9
5726 4
6285 5
6892 8
3285 4
3900 10
779 10
1547 6
7720 4
2436 4
7251 1
526 10
10433 5
1558 7
4125 6
4123 6
6273 9
203 4
10621 7
7613 5
2196 6
10040 8
6118 4
5610 10
8613 2
775 7
10383 10
7767 1
4251 8
4806 8
968 8
5701 4
8489 8
7964 5
3250 8
2610 10
9161 6
2458 3
4713 4
11468 1
7316 7
3855 2
6925 5
9426 10
4994 4
8839 1
6033 9
5691 8
5094 5
7405 2
1742 8
10410 8
5236 5
11058 10
4319 4
3464 4
8600 8
8615 8
6596 2
11216 8
5704 10
10407 1
6473 5
4423 8
8480 1
3185 0
3353 3
4412 4
4103 10
7680 10
4065 8
7993 6
7750 4
11225 9
638 5
117 7
5295 8
9100 7
2215 9
772 3
5190 7
7790 4
9039 8
8500 4
1001 7
3318 5
9819 9
4934 8
9347 5
8569 5
10920 10
11263 7
1281 2
11474 1
8061 5
9805 7
5181 7
10606 6
6666 0
10323 8
9459 4
11363 10
93 4
1356 6
6658 5
73 7
11142 7
7636 0
5783 6
5789 6
10254 8
9772 9
8702 9
1348 5
5930 4
3462 8
4382 10
8768 4
5759 4
11133 3
3042 6
2103 7
3109 10
9132 3
8756 10
1577 1
10709 9
5588 5
7026 8
182 6
6081 6
6713 10
5250 1
1099 2
3166 7
5595 4
2136 4
4067 10
6083 3
8175 8
4144 8
6296 4
11109 4
7943 3
11006 7
7525 8
7986 3
2954 6
7076 9
11558 8
5361 3
5146 4
1703 1
2499 4
10860 8
2426 5
10385 10
10811 10
2750 6
9803 7
4301 5
7935 0
4615 6
8592 6
1141 10
4381 4
5637 2
10322 6
11524 8
9166 2
8522 0
10907 8
4338 6
7678 4
2029 4
704 6
6430 7
1502 9
7433 5
9572 7
7515 8
10207 5
2274 10
11500 6
5469 3
1873 3
7628 8
6974 8
10923 8
4995 4
5804 6
4202 7
9253 2
7742 1
6873 0
9053 8
4312 5
2375 10
6427 7
4019 8
11446 1
10063 8
292 8
6983 3
649 10
2100 8
11115 9
10001 2
5575 5
2836 2
5446 1
10139 10
1120 9
4763 8
4291 5
9428 5
10625 5
3008 2
10641 8
4922 7
2574 2
7528 8
7054 3
9145 8
6287 10
2759 5
10587 4
8399 8
10215 8
11355 4
3797 6
7217 0
10804 8
6970 10
1866 2
8416 1
8630 1
535 10
4942 4
9301 8
4233 8
10245 6
8975 6
834 8
2531 4
135 2
5991 7
4735 2
6901 10
5542 8
2862 4
3191 10
2373 8
4303 5
5159 2
111 5
7566 8
11103 8
3942 6
1308 6
10989 4
11168 8
8088 9
9892 9
8251 10
8574 4
1656 5
6601 10
4462 6
10149 5
10969 0
2526 2
10037 8
9036 7
4553 2
10305 3
8567 8
2183 6
7077 6
3111 2
4001 9
10825 0
10065 8
913 5
7113 7
79 4
6947 4
2229 8
1274 3
4031 9
7309 10
8335 8
6058 0
3192 4
11159 4
9321 8
3483 8
1530 7
4466 7
5793 1
8506 10
1525 7
419 8
5855 5
11273 10
8614 8
4901 7
8111 6
8305 7
10857 6
3506 8
5447 10
9536 8
6298 8
6210 5
5988 6
10103 2
8253 8
11218 0
8259 8
3753 1
8735 2
9214 2
6855 8
7059 4
4493 4
11686 7
1612 7
8698 10
9738 3
7753 4
5058 6
10681 5
11383 6
11163 2
5512 8
10450 8
1264 8
11037 4
2629 9
5724 1
8450 4
2471 10
11364 4
9503 4
3180 0
7413 8
2310 2
10796 7
7462 4
8419 0
2074 7
7122 8
917 8
11122 2
5833 10
7389 8
2423 3
9692 8
10441 10
9607 10
5984 7
7027 3
207 8
6526 3
9489 5
5252 5
10762 8
7920 2
7387 8
8884 7
9319 6
330 5
8331 1
707 6
8011 2
10664 8
2668 5
9593 7
9360 2
1291 6
2984 8
8250 0
1311 5
6934 3
4506 7
1898 8
6759 5
426 5
2757 1
310 4
11665 10
8494 4
6802 8
10662 8
7359 6
8420 8
1301 6
8129 3
9876 9
109 8
4398 10
8037 3
8883 5
9162 2
9912 9
9646 8
5215 8
6121 6
6067 8
10539 7
286 7
4429 4
4546 5
8065 8
1182 10
11249 6
6917 2
2996 1
3765 8
7401 0
6701 8
2432 8
657 4
7944 6
2173 8
5269 5
325 8
3294 5
10488 8
7640 7
3016 8
10041 2
6348 9
1199 6
8469 2
5377 5
8798 6
8109 1
3435 2
147 5
5508 5
6169 7
660 8
9229 8
10443 8
5975 8
10324 5
8953 8
7675 5
4009 6
5458 2
3993 7
8882 4
2474 7
8167 5
1486 7
2906 2
10338 9
9491 6
4965 7
6627 8
2054 10
2163 8
3835 8
4117 10
2233 6
4659 10
5480 8
6292 10
8273 0
8298 4
4234 1
1676 2
8712 4
3195 7
4386 8
8770 10
7481 6
5018 5
3311 4
3658 8
255 3
2257 10
8820 8
8211 4
7728 10
7635 2
10850 0
10736 7
11248 7
5348 8
2748 10
9058 4
5218 10
129 4
1728 6
7722 4
11542 3
732 5
11415 6
1900 4
229 3
8646 8
6818 0
5556 3
9509 9
6849 9
125 8
6592 4
5219 2
1300 9
1859 2
10588 6
3314 10
11350 2
4137 0
4622 4
10481 10
6512 2
8191 0
6964 3
2369 4
3864 6
8202 0
6204 10
323 8
11054 4
6773 9
9594 2
9542 7
1602 2
3131 3
6774 9
503 8
6217 4
6812 8
10562 8
6435 7
9392 10
2166 5
246 6
7035 9
10386 5
7340 10
637 4
3030 8
9312 2
2645 7
11094 5
9507 7
9974 2
128 2
5344 6
7669 4
3184 1
10572 5
6900 4
11443 8
2146 9
7302 8
4418 10
4133 8
10531 2
10673 7
1782 3
3983 2
3837 5
8220 3
7647 10
10168 8
6940 6
487 2
9670 6
2454 8
6794 2
8799 8
7338 3
3689 3
2459 4
4433 7
3712 2
4440 4
885 8
6397 5
7984 5
11422 5
7775 1
2663 5
9847 9
11494 3
1151 2
2415 8
7141 6
3138 8
8421 4
1335 8
7555 1
1748 8
2518 6
2852 4
4190 0
11170 4
5439 10
1828 0
8524 2
4153 6
2561 10
1358 4
10712 4
4477 8
6105 2
3465 2
407 4
8505 10
4969 5
7988 8
1047 0
5936 7
8342 8
2357 2
9040 5
5801 8
8124 8
7527 8
1159 8
5546 2
6990 5
7045 7
9745 8
2797 6
4837 5
2479 3
3517 8
6723 9
9494 4
2337 3
1885 7
7823 0
5432 10
4698 6
4238 8
11013 7
3118 8
5599 5
2948 5
3902 8
1051 4
8714 5
3666 0
6070 4
11266 9
7336 7
9975 4
3124 5
11449 7
7610 8
4635 1
5066 4
3560 6
5995 5
4822 6
9190 9
5071 5
8442 8
5591 8
11101 9
2669 5
5727 2
8936 8
1645 4
3137 8
4413 0
6212 4
1692 8
9943 2
5916 5
2672 6
797 8
3680 5
10997 3
10372 6
8380 8
9203 1
7155 10
1505 9
10683 10
1883 6
774 1
7547 2
3320 10
2150 7
8073 3
9562 8
10885 8
4616 2
5072 8
6599 2
2179 3
1942 7
8956 4
2725 9
5233 10
1605 7
3119 2
5553 8
4532 5
11368 2
568 5
10284 8
11253 0
3068 4
5828 2
7825 2
8921 5
6377 8
3105 8
9610 8
6194 6
9469 8
9120 7
7369 5
10755 10
5470 2
6881 3
6061 8
4988 5
1608 4
11583 5
9356 2
1285 6
8059 3
2476 5
2342 2
8575 6
11488 8
4305 5
7809 6
2464 4
6482 7
3298 5
8468 8
7954 5
7562 5
5329 9
11076 8
11614 9
9378 0
5945 10
685 7
1518 9
5661 4
8732 8
11434 1
1611 5
11144 6
5368 10
10667 6
11220 8
4436 5
8349 1
6708 6
2403 2
2760 1
4270 4
510 5
9389 8
3933 6
6629 7
4910 9
5616 2
3846 6
9395 8
6197 4
10112 3
2170 8
11560 8
11436 8
7215 8
8780 2
8665 2
4640 1
9844 7
1628 0
4107 4
8908 5
2420 2
3150 8
10699 2
7101 10
6221 3
3580 10
8041 8
7165 2
2053 9
7428 5
9896 7
1879 2
8403 1
7951 5
1793 2
6676 10
7123 1
3208 10
5135 2
9575 4
5477 8
6200 1
10259 2
4566 7
6941 8
7093 6
7134 0
2220 7
2285 5
10583 2
10782 8
8221 2
297 4
1118 7
3844 5
7981 3
4467 7
3877 8
6326 2
2769 5
5954 4
3737 10
3456 1
4523 2
10253 10
3381 8
4219 7
6026 9
9282 10
788 10
5049 9
8565 6
366 4
7755 4
518 5
628 10
2075 4
3295 2
6797 10
5840 6
9085 4
10749 10
921 5
721 0
10369 8
3404 0
5031 8
4742 10
7276 3
10899 8
5734 8
9880 9
4706 4
479 2
7480 1
7692 4
1445 2
11638 8
7079 9
9193 10
11621 2
3729 10
4711 6
7202 3
2198 8
9713 8
1499 7
9989 1
2845 2
2043 7
7329 7
1501 4
11522 3
7159 5
4362 6
6460 7
7115 8
154 7
7168 3
2151 5
6206 8
2513 8
9858 9
2071 9
112 3
7407 8
9326 8
4691 4
42 8
1585 5
10575 8
4226 10
1037 0
8141 1
1045 2
11091 7
4072 6
6350 8
10260 8
6490 7
4551 8
7350 10
5994 9
10830 6
9080 5
805 8
3870 6
10392 10
11193 10
10128 7
11581 5
3149 3
10784 1
3571 6
1178 3
3627 5
585 5
6609 5
1566 7
4633 10
2318 4
11451 3
9611 4
38 8
5478 10
8589 9
10812 2
6731 9
3364 5
3001 10
2697 5
3568 8
3992 7
4339 5
5176 3
2766 5
3467 2
397 0
2174 4
1290 9
3914 6
10486 2
7708 10
2971 3
5888 10
6293 8
1360 6
4946 8
710 7
689 8
7800 3
9626 5
5566 10
11319 2
9115 7
2846 2
6743 5
10150 8
1663 10
1957 6
10361 5
10994 10
4486 4
10783 8
5379 1
5452 0
4731 1
11178 6
10568 8
11020 5
3654 6
5714 10
3418 5
6184 3
4718 5
9212 1
7774 1
9786 9
6228 5
6950 4
4160 5
7075 7
9839 9
5807 10
1236 6
4800 4
1963 6
2239 5
1545 9
4013 10
1476 10
5158 8
1722 6
1362 8
10888 3
7104 3
4337 5
5087 4
1841 7
7737 10
8696 8
9180 5
11211 10
3159 6
9478 6
10822 5
10734 8
4411 8
1681 6
1614 9
4379 10
11606 6
268 10
4164 6
5475 5
11353 7
9239 3
6659 5
9157 5
8328 0
8116 5
6406 3
6554 10
11045 8
11470 10
4056 9
6517 5
7826 4
9761 5
8534 4
848 6
1618 2
11215 1
7952 5
190 4
6552 10
249 1
7811 5
11649 3
9872 9
10408 1
4094 4
2006 6
9065 10
11530 8
11269 2
10694 0
3043 7
4197 6
3474 8
4315 6
11346 8
8107 4
2228 8
7939 5
1035 8
3405 8
5317 5
2983 7
6479 7
8858 8
10430 2
2973 3
1365 9
6499 3
8000 8
960 10
10747 6
6257 8
5671 8
9693 4
5921 0
142 6
1048 8
287 9
11669 4
3866 7
972 4
7710 4
5882 8
9753 4
7612 6
9245 4
3004 10
1928 5
4875 4
4884 0
10189 8
4320 8
4912 0
7535 8
556 5
9247 2
4192 4
3 7
5241 3
1450 10
9410 10
1935 0
7080 7
6317 8
1193 8
5887 8
1097 6
3685 2
9758 3
11574 8
11416 2
1369 3
6640 5
8085 3
304 3
1470 5
1600 9
509 1
10397 7
6574 6
7188 8
10655 8
7270 5
9775 4
3130 5
6099 5
2956 7
3838 4
9874 4
664 7
10137 0
5852 1
7783 10
9633 8
7020 4
9490 7
5277 4
1504 9
6374 8
8737 2
3651 3
5623 2
1428 9
5632 8
7927 8
3609 5
6359 6
8891 4
1972 9
2345 2
7712 10
5513 5
3921 1
9942 2
7011 9
5892 8
4112 0
9342 2
8110 8
6551 1
5370 10
4869 8
5408 5
5450 5
1882 5
10807 8
3348 0
5020 4
1247 8
1647 4
88 8
2492 7
10393 2
9480 7
896 10
9332 5
300 4
5261 8
11340 6
6814 2
11161 7
11414 3
7403 1
2860 9
2253 10
1248 1
9723 8
7396 10
9437 7
1840 4
5898 8
10684 8
7410 2
9652 8
8241 8
11217 0
227 5
2314 10
1627 2
5719 0
3300 5
9407 10
6958 10
5422 2
4605 4
10101 1
3403 6
3555 8
9956 10
5660 3
1425 7
2017 6
1082 0
4211 5
4786 1
4915 10
11005 7
5239 3
9366 8
2803 8
2719 8
6376 10
7842 10
7273 1
3372 2
8352 6
339 8
7156 7
5121 3
1395 5
9870 4
4300 8
9603 3
4380 10
7154 4
7518 4
1243 8
5115 2
5213 8
5333 1
3721 9
8772 2
861 7
10196 8
6905 5
6485 7
839 4
5809 4
4874 8
