3114 4
9167 10
1672 4
5607 9
3567 9
6261 5
7460 6
813 10
1746 5
781 4
1480 1
9597 7
1109 9
2685 2
10475 2
10085 8
3444 3
2494 10
11123 4
8502 2
10013 4
8844 2
7584 2
2012 1
3859 1
8654 1
10471 1
2145 7
4093 1
4430 2
3672 5
7718 3
799 9
792 5
10826 0
610 4
10274 1
4364 2
9456 4
8633 0
10852 10
4953 4
6019 5
9886 4
8618 2
3394 3
10623 4
10031 1
1733 2
1926 2
8205 2
736 4
11111 4
5019 1
7087 3
6654 5
5569 8
5803 8
11024 9
10161 2
3399 3
1903 0
10432 4
6396 3
11126 1
679 7
5271 9
454 7
7649 7
6150 5
4034 4
2378 2
8719 9
4878 2
7658 5
10965 1
9122 5
10505 7
929 3
4247 0
9463 4
10468 3
8745 1
3297 7
2418 3
11152 1
1986 4
2290 4
2358 1
8979 1
7423 2
6025 5
7258 9
8995 3
1328 6
3579 1
2110 1
3430 0
4805 2
8960 0
7995 2
2293 3
7233 7
4008 5
9505 4
4508 5
3960 3
11675 3
9259 4
6775 5
6254 5
10230 4
4193 1
8291 5
3268 2
5985 5
1074 1
7218 3
7549 4
787 1
4824 5
10948 2
7229 7
1686 7
4325 1
10986 4
4519 9
5627 2
7629 7
8856 10
9269 1
4365 8
11577 7
2003 1
9851 4
5910 3
408 7
7279 1
1877 3
1451 9
6098 5
8840 2
6865 3
2487 10
8703 3
11154 4
10742 2
4889 5
9789 4
3545 5
2819 2
3359 3
10521 1
10494 1
6705 9
10640 5
2810 5
629 2
8340 2
6024 2
3167 5
3881 7
3062 4
2212 3
10863 2
3339 3
8777 7
2859 1
8906 9
9341 10
936 2
2785 5
2102 4
10165 2
2674 2
8320 6
3640 5
10792 8
5356 4
4575 0
512 8
565 5
176 7
4940 2
6698 8
4513 1
5544 3
7838 2
6534 9
2180 3
10255 1
11690 2
8909 2
2666 4
11513 6
1592 2
8498 7
4283 9
2473 5
4281 9
11417 1
6843 9
7975 2
3455 8
6644 2
7109 6
3926 5
3157 2
10931 2
8103 1
7655 10
199 2
11531 6
7797 1
2269 7
9029 4
1961 2
8582 2
4847 1
924 1
8681 1
3896 2
6323 1
3055 6
75 1
6767 4
10940 5
8008 5
11679 10
1252 2
9281 3
8769 5
7164 5
451 3
4218 5
3687 2
2540 2
5730 2
8910 2
8415 10
4821 5
7519 5
5537 3
475 4
1546 7
6745 1
6978 5
5 10
5340 4
8684 5
8836 2
4882 3
1392 4
1261 2
9059 1
10403 2
10933 10
1417 4
9576 2
7973 4
6783 1
7274 0
5455 7
5427 5
8456 3
3667 2
6480 4
8697 2
11156 5
11259 2
6549 1
855 7
10171 2
3885 10
10379 1
4431 1
9742 5
5645 7
8031 4
4760 2
4346 2
6532 1
1572 4
714 7
7997 2
10877 6
5184 5
78 10
1811 7
641 7
10900 3
3093 2
10251 4
1713 7
1106 7
6232 2
7312 3
7237 9
8470 4
10056 9
599 8
995 7
5357 5
8748 5
6522 0
10791 2
10787 3
6266 5
384 1
7225 9
9828 1
8068 2
5489 7
6918 9
5456 2
8901 3
2328 3
10371 5
10237 6
658 7
5621 3
499 9
2710 3
8605 9
996 5
1570 5
969 10
8245 3
6780 4
902 7
10799 2
7248 1
706 2
9697 3
10999 2
4590 2
7487 5
10760 10
11167 7
4958 3
308 4
4555 5
6115 3
3585 2
9394 3
3448 3
2796 5
1484 4
554 8
11145 4
6158 3
10210 9
5472 2
10902 5
4058 5
1604 8
11010 5
7060 1
1184 7
5406 2
7136 2
4653 4
9545 2
5363 9
5230 7
5017 6
10896 5
3169 5
1893 2
1269 9
5479 2
6907 6
8685 7
9945 2
2870 3
4191 0
11140 1
10926 10
2104 1
3767 10
8385 2
3752 3
5462 3
8357 2
9354 1
2711 4
7705 10
5113 10
10360 9
2024 4
8319 2
11551 2
1529 7
696 7
8627 9
9543 5
10545 3
2461 7
5214 2
2613 4
1715 5
5877 2
2483 6
3975 0
580 8
3289 5
6622 5
5253 5
2025 3
6620 5
3501 4
3971 7
1214 7
4547 1
9090 5
951 5
10208 4
9362 9
8720 3
10088 2
662 2
1104 7
4149 0
6880 3
11063 7
9072 5
10876 10
6495 1
5859 1
10855 1
6933 1
11017 1
725 7
880 5
5846 4
3961 1
587 4
11559 10
2813 7
4820 6
8323 7
4335 5
3595 10
7117 2
1070 7
2033 7
7656 7
1089 0
8958 3
6742 5
7572 3
2625 1
10841 1
11586 5
5084 1
8651 5
557 5
7670 2
7028 6
8531 10
160 5
9725 5
10080 8
2684 5
4385 2
5438 2
9608 7
3003 7
790 0
9121 2
9704 7
9632 2
3599 10
8075 2
8 2
6752 4
6678 5
11175 5
2660 3
4026 7
1128 1
5615 2
6176 2
11199 1
3671 4
9569 5
9751 2
2707 4
11553 8
8369 5
2987 8
2980 1
2547 0
10726 4
5435 6
10777 10
6177 5
2039 4
10120 0
8377 2
10750 10
1523 1
1623 3
7605 3
1145 10
1589 2
1287 5
2537 1
5874 9
403 9
10873 10
1989 4
878 10
8486 2
9680 4
888 0
6687 0
11377 3
918 8
6424 1
508 2
2703 1
6707 0
4485 9
3014 2
2678 5
2573 5
3323 5
3796 9
4893 2
2372 6
10194 2
5129 5
7606 2
3429 9
6675 2
10351 4
3769 4
11124 3
10967 2
4491 6
187 10
10179 5
10146 1
7128 7
9965 3
10793 5
6059 1
10648 3
11096 3
3698 1
4526 5
4361 0
9862 4
10158 5
7623 7
4663 5
7667 7
2213 5
5037 5
4221 7
6920 9
1066 1
1560 1
5802 2
11408 2
11552 8
7235 9
4109 5
555 3
6051 3
3104 2
1862 10
11244 4
7962 4
5891 2
10723 4
10714 5
3697 4
6763 1
3950 4
5857 2
2593 3
3452 3
8794 6
11612 1
6951 5
6602 9
5907 2
4810 7
2792 4
9472 5
4960 3
7557 6
4282 1
6215 6
5461 3
7532 3
6894 4
9237 3
2550 2
6835 2
3336 4
4181 7
7072 6
2541 5
515 10
9302 9
10707 4
1970 4
2221 5
1843 2
2298 10
195 10
7349 10
31 2
2143 10
4726 2
7250 8
6514 2
5085 7
5182 2
4126 2
810 2
10409 0
10893 6
2534 1
4090 4
4963 4
8598 2
6634 5
6324 7
10018 3
1732 1
4322 1
10851 7
3668 4
7788 9
266 1
6056 2
10418 1
1580 8
3315 7
5125 1
146 9
11588 2
482 4
6063 3
9774 1
6765 4
281 5
8774 7
5415 2
6487 5
1685 1
1855 2
6972 8
5101 3
6541 5
1155 2
2858 5
3021 1
10341 8
11677 2
6791 5
1701 3
174 7
5200 7
7422 2
3482 2
3925 5
10222 0
5579 3
6886 1
4828 4
945 3
272 5
8872 5
7937 0
6331 1
10820 7
9624 6
11078 2
591 7
10637 2
7039 1
9169 8
2171 7
9963 5
5186 5
8988 5
11270 7
10289 7
4678 1
687 5
10627 4
1212 2
2308 7
8499 7
2538 3
6433 4
7187 1
5285 4
8348 8
1224 3
11097 2
11315 9
3226 6
886 2
10578 6
10295 9
144 1
53 5
4747 4
4830 4
6588 1
1540 4
9814 5
3128 9
2801 5
6335 3
11095 2
9068 1
7196 1
908 2
4437 10
10765 9
8459 7
10677 2
8219 4
9891 5
4900 2
8537 7
417 2
10686 2
10201 3
10401 2
9042 2
10858 10
1110 2
3423 3
11554 2
1807 5
489 4
9534 8
1559 4
5392 5
11113 4
10584 2
6845 2
1886 3
7847 3
1810 7
1246 5
1683 10
9252 10
2788 4
3908 5
3206 5
3569 6
11604 7
1896 2
10191 2
8747 1
4897 5
2839 2
5434 1
319 8
4285 7
2065 1
5495 1
4047 4
3528 6
3378 2
9993 2
2489 10
4169 4
2022 5
8634 9
5246 5
3853 7
10030 10
1952 7
3156 5
8113 5
4923 2
5202 2
1977 1
8940 2
5639 6
5231 1
4992 4
2444 2
11330 8
1043 2
10301 3
7570 10
10077 0
7029 9
6811 5
2073 9
3559 5
3982 5
10973 0
2448 7
11517 2
3911 1
3038 4
808 0
3299 9
4911 0
2841 3
10311 8
6982 5
10703 8
6016 4
3212 0
6381 3
3424 5
6002 1
2657 3
3623 5
10569 6
5712 6
2503 1
2498 5
4943 0
3288 6
1334 5
7357 2
104 1
7550 3
2197 2
11375 2
9141 0
6339 2
6423 4
9867 4
1310 10
4410 10
371 9
9181 5
4852 2
6989 2
9822 1
1644 1
9699 2
2148 2
7144 1
3090 9
3108 9
3037 4
10317 3
8177 7
7342 4
9217 2
5029 5
7999 5
3932 3
9037 9
4458 5
5133 2
5760 3
1372 4
11641 8
9386 2
6477 4
7094 3
8520 8
9845 1
8169 4
10310 3
4262 7
3067 5
1721 0
6297 1
11195 3
724 4
2637 4
2031 1
4978 4
177 6
8176 5
9913 4
10913 7
6703 5
6313 1
6404 3
6793 7
6291 5
1331 1
8261 4
7642 7
8760 7
7015 5
11210 5
10417 3
5409 6
9119 5
525 9
1079 2
10174 2
1823 7
6664 4
1467 1
11342 1
8474 0
6237 3
2721 4
2809 5
9547 6
3544 2
5746 4
11250 1
4010 3
2139 0
4584 3
3775 9
8042 5
3586 2
7563 8
611 3
4617 5
9329 9
1717 5
5177 9
492 10
7992 9
9201 4
5582 1
7047 4
1435 4
11490 2
5026 6
2495 3
8536 7
10272 5
4628 1
9614 2
4245 0
228 3
2214 7
4801 10
399 3
10935 2
7759 9
3145 9
9477 5
6848 3
1736 2
6844 9
743 4
11637 1
2354 1
11563 10
820 9
9174 4
4621 7
8817 5
10476 3
56 7
7946 4
289 10
10347 2
6181 5
6992 3
437 8
4316 5
3570 2
209 1
5336 7
7346 1
7931 4
4 1
7071 2
2623 4
10879 10
2529 1
9510 8
10498 1
3915 4
4816 2
9165 7
11056 1
7140 1
906 7
11571 5
5420 4
827 5
5534 8
6030 4
5805 2
245 10
3997 1
3543 2
7971 4
400 7
8991 8
4748 5
2457 5
999 7
2505 10
998 5
4867 7
9358 2
688 2
10503 5
3725 1
8002 1
3931 8
1185 5
4136 3
1969 1
8666 0
9779 4
2390 6
9317 2
616 9
5829 5
4892 3
8562 9
703 2
1596 7
10535 2
3365 7
5376 5
4055 7
5083 1
10915 1
5266 2
4896 1
4986 1
11245 4
5998 4
1908 1
653 4
2211 4
6884 6
2243 2
8216 6
9352 6
7702 3
3621 2
5282 3
6539 3
4376 9
7941 4
5942 7
691 1
5841 0
7764 8
7810 2
10527 5
5048 2
9149 4
9524 4
9629 2
2048 3
1419 4
8140 2
4106 10
5983 4
3711 2
3266 7
9264 9
6856 3
2649 2
9961 9
6201 1
944 2
296 1
3419 8
7308 3
2416 0
2374 2
5030 1
432 3
5959 2
980 1
10198 5
2724 5
7437 7
7420 2
10939 0
8525 2
1661 5
2814 1
305 1
5794 2
5947 3
7148 6
8058 2
3601 1
9113 7
8106 4
8402 1
4977 5
9271 2
8834 5
10223 7
9140 0
1012 0
4039 5
10173 7
1684 10
10665 5
8504 7
645 1
8761 7
6625 4
794 9
4232 9
4062 10
2377 9
8977 1
8896 2
3303 2
1415 4
1405 4
4044 4
1134 5
11601 5
4657 8
2347 10
4011 3
7394 0
5654 1
10370 2
3048 5
3078 9
8283 5
4972 2
9050 2
8277 8
94 1
5551 5
8917 0
4512 4
4853 2
10751 3
6021 10
4185 8
8538 3
5167 10
216 7
5574 3
8631 3
8209 10
6890 6
10859 2
6712 4
6306 2
7292 2
1588 7
1953 2
2601 2
5788 5
8620 3
9373 5
5972 5
11051 0
7201 2
8870 5
4105 5
11235 1
9083 7
5294 6
6412 3
11194 9
10908 6
762 0
5327 1
1111 9
6414 2
4796 3
6815 1
4214 4
7968 2
11190 5
6736 1
10735 5
7955 2
10748 5
8493 7
7200 1
5105 1
1833 5
5754 7
7724 3
801 8
11082 5
10402 1
5225 5
11389 3
10228 10
3186 6
7314 5
2501 3
5958 3
5425 4
4904 4
6087 5
3733 1
11085 2
4708 1
10977 2
5051 2
937 10
3642 4
10894 1
11009 5
8188 2
3227 2
6417 4
675 5
989 8
10257 0
4145 0
8491 5
8566 7
7829 0
6073 1
10166 2
10478 1
11087 1
4764 2
1006 3
11106 5
7400 5
5291 3
9289 9
5657 2
1379 1
2235 2
1705 2
744 5
1729 9
2105 4
9826 4
1375 3
9832 4
3154 5
10867 10
153 7
1639 1
11238 4
1857 9
1044 1
7559 8
6366 2
11526 2
8052 2
11187 1
3351 7
695 5
5536 0
10022 2
8036 2
9953 2
3376 5
10866 0
25 10
6641 5
2402 8
3281 9
4184 10
2396 9
10079 1
5243 2
7729 3
10285 2
6583 5
1731 5
4374 1
100 5
4909 9
7301 1
8970 0
8827 10
3490 2
4585 0
3331 1
2272 8
9276 3
8226 5
11508 6
8077 2
2997 3
2320 2
181 4
9783 4
11635 7
9 7
4675 9
1305 7
1129 1
6757 7
2825 2
7772 8
392 3
11391 0
2306 9
8163 7
11511 3
9270 2
5313 5
8379 6
4717 4
7706 10
6929 9
3754 8
6693 2
845 7
10829 5
10589 7
9379 8
10250 9
11343 1
2677 5
5283 7
8862 3
9224 0
11264 4
3906 10
67 1
10701 2
8023 3
4768 6
8015 5
9375 6
3504 4
8833 8
5565 8
8497 7
7707 9
3565 0
7957 2
6515 2
3788 10
10510 1
8931 2
360 2
4694 3
3895 5
4839 3
9732 10
7736 7
264 5
8275 2
4015 5
10608 2
4687 4
11619 5
10705 1
9172 7
3611 3
4799 10
3410 5
4470 5
8258 2
7457 7
11652 7
10892 1
7070 2
3970 7
9105 7
1349 1
10547 4
3216 1
899 5
1755 3
8393 5
9651 6
11650 9
9695 2
1944 2
11208 5
5703 2
5850 1
7703 3
10110 7
9111 1
1799 5
904 8
3425 0
8325 9
7491 0
7938 4
10277 4
812 6
11672 7
8529 9
5933 4
3645 10
4903 4
7290 5
6656 5
10514 5
3412 9
2755 8
3428 3
9910 4
11624 8
5810 2
1189 2
7129 2
11496 2
1095 7
4260 0
9801 4
1098 9
11073 10
9577 7
3047 3
977 9
1497 4
5111 10
5080 7
6076 0
3934 2
1091 9
5365 6
4607 1
2234 9
4848 2
10095 8
7932 0
2611 4
1179 2
8501 3
5583 10
10300 4
2137 6
11192 10
2968 2
9104 9
9642 6
4224 2
6111 5
10696 2
2682 5
1543 1
2019 4
10937 2
329 8
11489 2
9750 4
11385 9
5096 1
10732 7
6781 4
10480 0
10685 1
900 9
7343 1
11128 3
3847 5
4483 7
5856 6
1200 2
8705 1
3985 5
2301 9
9966 9
5990 5
2159 5
5307 2
5979 8
4808 3
11110 1
3073 9
132 3
6320 2
4741 5
8507 9
8510 2
8997 2
11457 1
1316 7
178 1
522 5
3713 2
8071 4
11438 5
4736 5
1792 3
11659 4
737 5
719 4
8689 10
8249 2
9821 4
6986 5
7166 3
3564 2
3879 7
9806 4
2576 2
9663 2
10836 10
3457 3
9843 5
8785 2
10574 2
9311 2
4891 5
6850 2
5345 9
1158 5
1088 6
4931 10
661 1
282 4
11420 2
3629 8
9588 6
749 1
9254 4
4595 7
5123 5
3704 5
1802 1
10413 3
2716 5
9498 4
3785 7
1707 1
9064 5
7089 5
9702 10
7777 3
4298 5
8961 9
10169 2
5606 9
11630 1
8895 2
6353 1
2142 8
7255 7
11314 5
4952 5
7963 2
11198 2
9665 2
9344 5
9163 5
6458 3
5766 8
11317 9
10983 1
5206 7
5405 10
5352 3
8388 3
3615 2
3650 2
4127 5
4063 5
4228 0
4997 9
4057 4
11295 7
2091 2
2958 2
3573 2
10266 1
8663 2
4944 9
6125 5
5391 3
10693 5
6930 1
11053 5
11204 8
938 2
6642 2
6872 2
8070 4
2177 6
5248 5
6728 1
8228 6
4135 5
11276 8
2783 5
1343 3
4267 6
6699 0
4890 1
1548 7
10185 8
7293 4
7180 4
11265 5
5682 8
700 7
9232 1
8425 5
686 2
7056 3
2955 8
9684 8
9717 1
8568 5
1583 2
4596 1
7363 5
863 7
10279 2
5308 2
200 2
4029 4
581 10
10844 3
8590 2
8362 2
1630 1
3515 2
11521 2
9339 9
9720 3
4472 2
9403 8
8886 7
1228 2
939 6
1186 1
10632 7
6462 4
235 1
3144 2
5923 2
8026 5
8471 2
1753 0
7504 1
7660 7
10950 2
7798 0
5718 2
1172 2
9855 4
5247 5
9983 3
8006 4
4038 5
8344 10
3938 2
9881 1
452 7
8573 2
7578 2
7725 3
4257 3
322 3
1760 3
1786 4
2295 1
5706 4
7499 2
5971 2
3663 5
1653 2
10002 7
6952 1
8669 2
10106 7
10951 6
7057 1
6187 0
1960 1
5941 6
1992 4
3158 5
11 10
9549 5
2793 5
10936 2
8142 3
4552 8
5920 2
1025 1
11007 5
9242 3
9153 5
324 7
4095 4
3690 9
3252 7
8763 2
5929 9
3355 4
1421 5
1146 2
8038 5
3502 7
1240 7
406 1
7377 4
11311 2
5792 5
2994 4
7686 7
7659 3
3511 7
711 4
11547 2
4692 10
6467 3
1015 10
9300 9
10007 1
7108 3
10611 5
2141 5
1945 5
7926 7
7622 7
11403 7
3561 5
34 10
4684 1
1411 2
11477 2
5618 2
9947 1
11341 5
1255 9
5498 9
3267 3
9666 1
3440 10
1869 2
4244 0
8962 0
690 5
2169 2
5732 9
9146 1
2853 1
11616 3
9135 3
10758 9
11083 2
381 6
8091 5
9337 3
11228 8
894 3
7305 2
10945 6
4331 1
11055 7
5174 1
898 3
1403 5
6611 2
10444 2
4570 0
9544 5
7773 8
8989 8
1437 4
702 1
4623 1
6027 4
9199 5
10516 1
11162 1
3415 3
9405 5
5832 6
8290 5
817 2
3173 2
4408 2
6738 4
9715 2
2095 1
7245 8
6334 2
7325 7
7147 1
4369 3
10594 3
7048 5
10651 2
2713 3
3103 5
11141 4
758 2
8787 7
10039 2
3190 5
3554 2
10339 3
8743 3
4406 1
2344 5
745 4
5697 8
10992 8
11625 2
9151 7
10229 5
2264 7
8791 9
2975 10
520 7
10629 7
4752 3
10803 2
5683 8
2609 7
5937 1
3282 7
9616 4
978 4
1187 5
6853 5
1795 5
4078 9
2773 1
4609 5
9737 6
5154 7
5367 6
1017 2
10032 3
10911 2
7996 9
6351 2
5918 10
1549 4
5614 2
10602 7
10119 8
10315 5
6369 9
276 4
2646 7
9516 4
363 7
8829 1
9365 3
5653 1
1718 4
2715 5
223 2
2661 7
5885 4
4200 5
6274 7
10135 1
3603 3
6719 3
6543 9
1072 3
10429 10
677 5
6805 2
2015 4
6544 9
11254 1
3203 7
5132 2
6926 1
10306 7
2424 3
3951 2
5211 2
5487 9
10248 1
7824 2
6373 2
7923 6
9522 6
1750 2
4908 1
9873 3
197 4
2863 3
5326 1
3264 3
6241 7
9292 4
8722 5
5776 2
9449 3
11565 7
10573 5
5302 2
7704 3
4542 7
2800 1
3533 5
8812 1
6028 7
846 3
4083 9
9623 2
3080 5
7508 2
1657 1
1093 9
4048 4
10869 2
5673 2
2385 2
8594 5
6523 10
1634 4
303 3
6166 5
4602 7
6009 0
8553 7
10182 10
7812 2
11493 7
4593 7
1201 5
9147 5
11180 4
3683 9
3723 4
4422 2
2545 2
8082 10
3309 4
3433 7
9256 5
6621 1
9123 2
2662 5
7161 3
7652 10
1337 5
8409 6
928 2
1167 8
10186 2
5950 2
5407 2
5944 9
6437 5
1941 8
3280 4
1413 2
294 2
3771 2
760 0
3084 2
11418 5
7644 5
5568 9
9596 2
4487 9
7672 8
3041 4
5514 5
683 7
4446 1
3660 9
8740 4
811 1
10163 5
2789 7
3224 1
5235 6
10453 2
8927 7
121 3
10048 2
11579 5
87 3
9916 5
113 3
1735 5
8606 7
11016 4
5148 9
6162 6
6284 10
7099 2
2592 9
6144 7
2929 3
6931 5
8391 2
10461 10
9736 8
9067 2
7458 2
1257 9
1868 2
3006 7
4417 9
5624 10
3007 7
7614 1
11312 5
8424 1
6456 5
6816 1
8729 10
887 5
4682 4
5222 5
7432 6
5913 3
7173 10
11378 1
2062 2
620 9
6518 2
6192 2
5728 10
5761 5
9372 9
5263 2
782 1
6879 6
4311 5
1563 4
3927 7
7793 2
11065 3
5090 1
10724 2
11683 9
5451 8
2076 3
10601 2
6885 6
11506 9
5960 2
7756 10
6332 2
9185 5
4045 4
9994 1
6830 5
6581 5
4685 7
4668 9
7595 1
10280 2
7288 9
2622 4
2630 4
4288 1
8731 4
3920 4
5597 4
11590 2
4368 3
7905 10
5839 0
1077 2
3784 4
3325 2
11610 5
484 7
3044 3
7776 3
5535 2
4661 2
9671 2
4939 2
9879 3
9288 1
723 0
4649 1
4899 2
11654 3
10809 3
9283 10
10518 2
8943 3
2087 1
10066 2
9595 5
3887 5
9035 0
10534 3
5457 1
10961 2
9878 4
835 3
7784 3
8677 10
10741 7
4280 5
271 0
11400 7
2307 6
8040 2
5974 5
1272 9
843 10
5442 1
9722 5
5388 9
10147 8
9176 4
5040 5
2502 7
5650 9
2664 1
4503 10
4980 4
7915 5
9439 4
4766 3
849 7
1622 5
5808 9
10493 1
10955 1
10411 7
11660 10
741 4
7224 8
2093 4
5441 10
11203 9
4178 7
11473 2
8736 4
8625 6
1804 4
5454 9
1266 10
6852 2
6327 1
9809 3
8516 8
11258 7
7063 6
5147 10
10412 8
4660 9
2218 1
8996 2
4838 3
11609 1
8145 8
4352 0
5155 9
6149 7
9315 2
6496 1
1669 4
8898 1
8845 5
1164 7
7319 1
5570 8
458 5
7506 2
8398 2
9785 4
7695 3
2027 1
7924 2
6682 2
5382 2
3140 8
8656 3
3498 10
4092 1
7531 2
3952 2
5474 3
8492 5
9854 9
8132 3
5286 9
6677 7
9871 4
10616 7
1055 2
10988 1
7286 8
549 2
9535 9
11019 2
9192 8
2113 1
1235 2
6072 3
5964 2
4525 1
7213 6
10658 2
7666 3
2258 9
155 10
2037 7
8969 2
3277 3
163 9
1318 1
4318 1
9411 5
7430 3
7112 3
6674 4
2535 10
4534 3
2309 1
3178 6
7476 5
1757 8
7684 3
5757 9
8478 2
3872 0
11326 2
2090 5
2009 4
1423 2
10442 10
10349 2
5505 6
9856 5
3259 1
8814 2
10669 3
10491 8
3890 10
10399 2
829 2
1026 3
6315 3
7085 2
6299 2
7455 4
8154 2
8796 5
5304 5
8628 5
179 2
2594 6
10801 10
4179 2
3843 5
2340 10
10928 9
897 3
11657 9
3056 2
883 2
546 3
11191 2
8418 0
5526 9
6863 2
6531 2
4332 5
3136 2
1863 1
742 3
2827 2
11260 9
2496 7
8198 0
9286 7
1190 3
491 2
4861 0
466 10
5919 7
6545 5
3628 5
183 4
1280 10
2406 5
8458 5
3086 6
1227 1
388 3
5847 5
6205 1
2626 4
1347 3
8210 9
1133 2
9829 1
10768 6
7018 8
9369 6
8826 5
633 7
8843 10
8950 5
11008 4
2772 4
2325 10
2256 9
11514 9
10838 2
376 3
5485 9
1513 3
1665 3
10993 9
5596 7
2515 3
4402 2
6888 6
8570 5
6251 3
11580 4
3740 3
11114 4
4099 1
11502 3
1143 5
10042 10
5242 2
4996 4
2067 4
7965 7
1108 7
6734 4
4397 8
10974 0
505 2
3049 8
10143 8
4066 2
1562 1
1454 2
9521 7
4549 10
6086 4
7853 8
1974 1
1231 5
446 3
9784 4
8051 5
6536 2
5381 3
3421 0
4230 2
11620 10
2695 4
1426 9
118 2
10100 4
7106 5
11544 2
10563 2
11523 3
141 10
5262 3
6668 5
1567 1
6005 4
3625 9
1000 5
7683 3
3426 5
7856 10
9094 9
6454 4
8701 3
3600 2
2350 2
8907 10
2648 2
10231 5
3637 9
10384 10
922 7
5371 2
1265 5
1784 4
9777 1
10299 5
7005 4
10614 5
7412 3
11626 9
1307 3
9778 4
2708 4
2554 1
3496 1
2408 7
444 3
7031 2
10446 2
6760 0
11603 5
6178 3
7653 3
8252 10
9222 7
571 9
3209 1
469 1
2838 5
10234 1
5416 7
9654 2
11569 2
2035 4
1673 7
7585 2
3686 2
123 2
5293 2
8274 0
8321 7
11231 1
8734 4
3368 7
450 2
2566 4
2686 7
8959 9
1975 1
5572 10
2762 0
10678 2
7479 0
7827 2
6911 5
552 3
11376 10
2283 1
576 1
11622 7
11255 8
8926 3
7192 5
4511 2
11459 5
2596 2
699 1
1576 3
5689 8
2835 1
3946 5
9850 4
11433 1
3442 4
1849 5
4108 4
854 7
10763 7
3083 6
164 5
2811 10
1058 7
7095 3
1825 5
4648 9
11131 5
1278 4
9409 5
1232 2
7092 9
8030 4
8626 2
6648 1
7256 8
9295 6
2998 1
10501 7
3427 2
2072 1
5773 2
2352 10
5150 5
8361 2
9464 1
517 8
8214 2
10485 5
1858 1
9482 2
5517 2
6987 2
2833 0
3897 2
11596 2
5251 1
6000 4
7978 1
2026 4
2069 5
8371 2
1940 5
8875 3
3485 3
9605 2
7745 3
6800 2
5109 5
7037 4
6038 5
327 2
6520 1
6029 4
9349 10
3053 1
7533 3
9726 2
1487 4
7589 2
7069 6
6556 1
3255 5
6729 7
893 10
574 10
8813 1
7262 5
10597 2
5577 8
234 6
3439 8
7521 2
8229 7
3593 8
2088 5
816 2
5876 1
3116 6
10113 7
7145 5
39 6
2786 1
7174 4
1346 4
7139 1
11678 3
4959 3
4378 8
8623 5
3676 5
33 2
173 9
8363 3
2654 2
2160 4
8483 2
6683 2
753 3
7486 9
6755 1
6615 3
983 10
11044 9
10107 7
8530 9
5522 9
6533 1
1383 4
5318 7
6733 4
9117 5
1704 9
7921 5
6770 1
1616 9
1789 4
6828 9
8541 2
9249 10
7198 2
9255 5
4254 2
9143 5
9636 7
3257 1
7502 10
5349 2
5555 7
3541 4
8080 2
80 1
5731 9
3085 9
3025 6
1902 0
7416 3
4290 7
9894 1
2200 9
11066 2
1130 4
7969 2
4246 2
5973 5
11689 7
4834 5
2126 1
9390 9
1593 2
7238 9
1598 1
4712 4
9976 2
7010 2
10996 2
2575 3
5183 2
8867 5
11034 1
148 10
10663 7
11146 4
3999 4
7294 5
7252 7
3860 5
8679 9
10731 1
5082 4
3143 2
364 0
6078 2
11667 7
3189 7
5946 2
7828 0
2399 2
6338 8
3170 5
6450 4
7808 2
3538 1
477 4
16 8
457 4
11413 6
7484 0
11323 1
11206 10
3948 9
3362 3
1965 1
4442 2
7024 1
9451 9
8766 4
11441 5
3840 2
2815 2
3202 9
8878 2
9438 2
6003 4
605 4
2751 4
11158 7
11185 5
2016 4
623 3
6571 2
8632 3
4967 1
9645 2
3875 6
4677 4
3069 4
7042 5
8653 9
8597 2
4471 4
3211 0
5952 4
6384 5
7050 2
7607 5
3165 5
8255 4
2393 6
8269 7
5698 5
202 1
614 1
5658 3
10074 3
5672 2
1526 4
831 9
1063 7
9674 2
51 3
941 2
425 3
11229 5
8407 2
9159 4
3207 6
4017 1
5207 4
9705 2
5265 5
9664 2
3566 2
11584 9
8984 3
8165 1
4176 1
11241 5
18 10
10081 8
8337 5
9962 8
11041 7
6041 2
10045 2
912 1
10833 2
2061 2
1852 1
877 7
10321 5
11361 1
5466 9
8153 0
7206 2
4689 7
1521 4
3889 9
6040 3
976 7
2986 10
1800 9
5114 1
6300 3
7517 3
5038 2
2129 7
2230 1
6660 3
5350 9
7364 5
761 2
10774 10
7582 10
914 1
8577 1
3443 7
8611 10
9446 1
1914 8
6403 2
3040 4
6954 1
3121 2
10633 1
8231 7
5699 7
6831 9
3726 3
1584 2
8668 7
4840 4
10262 2
7537 3
3553 1
2380 2
10595 1
3058 7
3141 10
10660 0
9514 4
3731 2
8353 7
10176 2
3274 7
4341 2
385 3
9746 4
7073 2
3944 1
8513 5
1832 1
11425 9
201 9
2462 1
4517 4
7805 2
10947 3
10416 1
7512 8
7118 2
5889 9
1090 1
9387 3
2367 5
6045 7
3967 3
1680 7
8612 5
3350 3
1276 1
11176 3
5064 3
6386 7
370 9
9171 6
10434 9
553 7
10154 3
6914 7
1440 2
2370 6
6645 0
5014 7
4739 0
10102 3
8912 7
10117 5
1011 2
7733 3
10470 0
6416 4
4832 4
5069 5
11099 1
11021 7
7062 2
2768 5
4207 4
7998 1
7220 9
860 3
2953 8
3534 0
7127 10
6220 2
4693 5
6874 0
11482 7
7780 3
8384 2
1221 5
3655 5
9841 4
7267 7
7646 5
11012 4
2441 8
1662 9
10613 1
5666 2
5550 2
3513 3
9701 10
10952 10
1814 1
895 2
5741 9
9644 9
4231 2
1959 9
11242 5
2018 4
3833 7
8704 1
2532 4
7841 2
2784 9
4914 2
524 9
3858 5
6483 1
6542 1
2386 7
2944 3
11184 4
3631 2
930 5
8254 2
10546 9
167 0
10849 2
8877 7
729 1
8556 1
2942 7
4373 1
5492 8
10354 5
541 5
9502 1
10367 2
9202 5
9999 1
1398 0
231 10
4250 6
3480 2
7490 3
6277 5
9512 1
2978 7
10717 2
460 2
5414 9
7579 5
3383 7
5328 4
3978 5
8179 3
4289 1
11392 5
6004 4
9205 7
7723 3
4196 4
5540 2
11057 9
4573 0
5332 7
2753 2
1536 4
4167 5
1282 4
11324 5
6501 4
8854 10
11015 5
7470 3
11160 1
8711 5
8180 1
1615 5
7299 4
2381 3
5894 3
6808 5
3330 4
7182 3
3878 7
728 5
10343 1
5027 2
2829 10
6980 2
5997 4
7281 2
5161 9
2989 5
9056 3
2741 8
6011 7
9508 4
5601 2
1404 4
5702 9
7650 10
11471 2
586 9
2516 7
9468 1
1218 2
1434 4
9044 2
7344 7
4723 1
8853 2
1861 8
954 2
3161 4
9061 5
9450 7
1002 4
3715 4
9948 1
3400 2
3594 1
8922 2
3909 5
9084 1
3258 5
4670 7
1471 10
11688 9
4913 2
10172 3
415 7
8292 8
3618 9
6233 9
4613 1
1764 9
6910 9
4474 3
6102 3
5662 1
10325 5
2240 7
9768 5
4314 2
2705 4
1350 1
2826 1
1339 0
1258 3
766 7
2567 3
4371 4
3406 8
2312 10
5694 2
5254 1
8067 8
208 3
6968 3
119 5
542 7
5410 7
8025 2
5319 0
2268 9
4724 2
3699 5
934 0
9055 0
269 1
6153 3
10225 7
11484 1
2821 5
5822 1
8824 1
6715 2
4292 5
9076 7
6922 9
2446 8
1361 10
1660 4
8930 7
2124 3
5858 1
3738 7
3583 10
4463 2
9220 1
8222 10
2112 4
1225 1
1324 5
6211 1
3759 3
10766 10
6173 4
145 3
7505 2
2606 5
4355 3
564 9
6459 4
1897 7
2675 9
11487 2
550 6
4975 1
8496 9
10861 2
4510 5
1121 1
5951 1
6524 2
8865 2
10856 9
7137 7
3302 6
6104 7
7193 10
3024 2
5396 9
2154 7
6295 4
7947 4
11173 1
9568 5
4091 3
4807 10
434 1
11316 5
2099 1
9400 2
1847 5
5504 2
5721 1
6218 6
3183 2
5491 6
3045 4
5397 1
1168 10
6981 8
10456 7
7402 4
3218 2
7781 7
4016 10
295 1
9622 5
8152 8
3453 9
1115 7
528 2
7494 8
4059 4
2042 1
5310 4
11662 9
7102 3
8336 6
2128 5
3770 0
11127 4
2849 10
10134 2
5075 3
468 1
3862 5
4856 2
7107 1
1726 2
3598 1
10981 1
10756 1
30 1
5429 9
10697 3
259 2
10421 1
7322 9
4479 2
10214 3
1410 1
5015 2
1479 4
9517 4
55 2
11080 6
6943 4
1283 1
3493 2
11344 2
9308 1
8316 8
6113 7
4961 4
3316 2
4225 10
11153 1
8138 3
2157 5
4032 4
10987 10
5611 2
10919 6
2060 5
3497 3
3764 10
4088 7
726 5
4377 10
10170 5
1668 7
10901 8
5631 5
5003 8
5448 2
4240 2
11237 5
2332 5
6591 6
6784 4
6440 4
9170 3
8888 9
2391 6
10265 5
2659 5
7625 8
2756 8
3591 2
8650 9
9998 5
1217 1
10472 7
3988 5
10357 8
6725 4
4248 2
6225 1
9911 1
3223 7
5153 4
9231 10
9258 1
10131 5
1050 1
9817 4
40 7
8861 2
7034 2
8125 5
3643 2
8436 0
472 3
2647 1
6301 3
11541 1
2339 1
9672 2
2414 5
2422 5
8454 7
9643 2
5931 2
6079 2
8851 1
570 9
1207 6
1161 10
6568 3
10544 4
4935 5
4518 5
7265 2
219 9
4284 9
3681 4
267 10
6579 5
777 4
11081 2
8024 2
4086 2
9678 2
9440 5
6202 5
5403 7
6167 7
6977 9
9057 2
3755 7
8148 7
1387 4
10617 1
6709 5
7738 3
4862 2
722 1
6963 5
4697 5
6979 3
1401 4
2687 3
248 2
11325 5
7601 7
3019 4
3472 10
9325 1
2134 2
11189 1
3219 7
8488 1
429 6
4313 7
6762 4
8727 4
2086 3
2619 4
11002 7
8542 4
3589 0
6399 2
9964 2
7272 9
5063 5
10291 4
8149 0
9208 5
9893 1
1643 9
1003 4
7721 3
9659 5
6096 2
1191 3
10466 9
8946 3
5943 4
4329 10
222 2
6834 3
7928 3
7264 9
1830 9
4360 5
10771 5
4971 5
874 9
6527 0
1930 2
931 2
4715 9
2720 8
9314 1
6650 4
850 7
2723 5
9086 9
4327 5
8446 8
985 5
8477 2
2140 10
9669 10
1635 4
2394 9
1727 2
11018 9
10598 1
5715 9
1032 0
3990 4
1059 2
2205 1
11108 3
11423 0
4703 9
4306 9
9402 1
5128 2
1818 7
1706 3
10680 2
8784 9
2387 10
720 4
5688 4
7591 7
10767 2
6973 6
1197 5
2617 9
3120 7
10275 5
7854 2
3935 2
9811 4
8460 5
2040 5
10028 1
2861 7
180 9
9287 0
3398 1
3575 2
6875 7
11618 9
7356 9
7032 1
4081 1
2709 9
6481 1
3441 3
6077 6
4696 2
9027 2
7090 1
4082 1
3290 5
6969 3
8184 8
5782 0
9769 4
4383 6
6897 6
9285 7
7534 5
1385 4
2704 9
314 1
11404 2
8122 8
676 5
9996 2
10264 6
6047 7
138 5
11003 2
4993 8
4583 0
10922 0
4148 7
8762 1
2114 1
1571 4
4554 8
9539 5
910 2
10271 1
10094 3
4161 1
1138 1
2449 1
1150 3
11049 3
243 2
7762 7
7190 2
10152 2
6948 1
5868 2
11274 7
4020 10
4634 1
8262 0
7091 5
3087 6
11631 1
10459 4
7618 7
10656 3
10374 5
6172 1
1754 0
10477 5
6638 4
2223 3
3479 8
5878 5
634 8
9092 5
7624 1
10047 3
1254 6
8871 5
6343 1
7709 10
9475 1
4229 2
10364 5
205 10
11648 3
7541 4
4321 5
3148 2
6603 3
6180 7
1591 2
6633 4
3647 2
11566 0
3222 2
2638 4
9583 2
3015 3
11402 7
10635 2
8964 5
7651 3
6572 2
8256 5
884 5
11079 2
8914 8
5784 9
4444 1
11481 4
3089 8
1085 9
5013 9
9908 4
11028 3
4968 7
5875 0
6898 9
1625 2
4973 9
783 2
11011 5
5249 3
10592 4
6337 2
10308 10
2658 7
11116 1
2752 8
11582 5
8788 9
9488 3
11069 5
6587 4
275 3
9900 1
4700 1
9638 1
7668 10
3523 1
3063 7
10828 0
10827 0
11093 5
9230 10
8852 7
7778 3
8994 9
1938 0
4188 3
8691 1
10526 2
2297 1
573 2
8842 6
2949 5
3648 7
11105 4
1096 9
10591 2
2746 2
7084 4
7586 7
746 4
1890 2
7803 3
6328 1
1020 2
7960 7
11372 10
5086 5
10882 1
2960 0
1309 2
4855 8
4844 7
5896 2
5497 9
3735 0
2096 9
11174 5
4216 7
5289 5
8066 2
6718 8
1763 5
9077 5
2452 5
2966 9
1270 7
4227 1
5006 2
8265 2
5690 8
10156 8
9714 10
2732 2
7065 7
10069 2
483 10
9747 7
11472 7
10038 2
11223 3
3201 1
2749 5
962 8
4473 2
9243 3
5533 8
453 1
6617 3
11379 5
2600 0
875 3
6385 2
3204 2
5798 1
7665 1
4870 3
4375 1
10671 2
15 7
10287 5
5686 8
5290 10
4524 3
5578 7
1788 3
3306 3
5925 2
6319 9
10124 5
1344 5
11047 2
1990 4
4728 5
3005 10
8078 7
3861 7
5488 8
115 3
45 3
10487 8
9967 10
3477 2
2488 10
11086 2
11685 1
4798 2
2568 7
992 9
4632 5
882 1
3953 2
1889 7
7025 9
11682 4
233 7
7689 10
2063 0
9334 9
1894 1
1458 3
7030 5
5720 2
11112 4
5674 10
1617 4
218 4
9138 10
4928 2
4543 5
3584 3
5057 5
2050 5
2584 1
1216 1
1905 7
2523 1
1465 4
7408 8
2427 2
7098 1
4166 1
506 9
277 2
7415 1
1478 1
3411 7
11336 6
603 9
7016 9
4104 1
4469 7
10035 9
7231 2
8166 4
665 5
6575 1
8278 8
2946 2
7361 9
7300 5
7493 1
6631 2
6190 2
10934 2
2219 5
8929 10
254 5
10419 1
851 7
4002 1
11134 1
3436 2
311 8
4730 4
5081 4
1948 4
3387 5
10738 1
8001 7
10236 2
10209 5
9657 2
3546 1
10452 7
1723 2
8690 9
9101 9
6962 7
9566 7
6606 3
9760 5
631 1
10552 2
5768 2
1203 7
3630 4
9144 5
809 4
7583 7
9852 5
7538 3
7956 9
7536 5
9413 5
4256 7
9952 1
7983 4
10015 3
828 1
9294 7
7247 8
8212 5
2551 10
6557 5
3061 9
5330 4
214 1
4827 9
5024 1
7564 5
10666 3
600 7
4732 5
493 3
8334 1
9293 1
9780 5
10878 10
10064 2
2271 7
6243 7
1594 0
10025 5
6516 7
579 2
10942 1
4637 7
9558 5
10211 7
2238 3
156 9
5471 6
8599 3
8773 1
4027 4
9277 2
1853 3
9330 10
9177 2
6895 3
9848 4
11004 5
9108 5
5073 8
251 1
10365 8
7677 3
7741 3
9430 4
4162 7
9206 7
2993 7
10389 9
6721 3
1122 4
2447 9
803 0
4797 5
9776 1
915 5
442 8
5590 5
11486 1
856 7
9538 5
11691 1
1251 5
8983 8
1094 9
6290 5
11098 1
1373 3
280 2
372 5
1024 2
7674 7
9698 2
10740 5
4979 7
3065 7
8004 2
7126 7
11568 9
3968 1
3702 1
3102 10
5911 2
9904 4
8295 1
8801 5
10345 3
7331 2
10982 10
6864 2
590 3
6068 2
5626 9
9484 4
5418 2
4642 5
4258 2
2728 7
3536 10
8913 6
11023 1
8661 2
4652 1
979 4
9897 0
1286 4
2864 3
7149 1
8687 7
8660 5
8120 5
6529 9
8441 2
3101 9
10565 0
5992 5
4669 10
6813 8
7638 5
2857 1
9668 2
3957 4
2438 5
10884 1
3692 10
6748 5
2231 1
8047 2
10046 9
1103 7
2083 2
2349 10
2985 7
7121 2
3592 1
7425 2
7261 4
1292 5
4951 4
2865 1
5605 5
7339 2
639 3
819 5
5530 8
4391 6
5280 2
852 3
1798 1
3677 5
10502 8
933 9
1964 1
11371 10
7530 5
7542 5
4101 4
3624 5
2121 2
6730 1
6825 10
9034 2
10455 4
2555 9
8693 2
2683 2
443 3
8426 9
9864 4
578 6
5281 2
8121 2
5270 3
1422 5
2514 4
2847 10
8296 0
4921 5
1888 7
7648 3
6120 3
6605 7
1153 7
2848 10
8944 3
5279 3
5884 1
2292 4
4804 2
9888 1
3604 2
10576 2
735 1
9396 6
7341 4
8869 9
10720 2
7406 9
10440 2
4676 1
8739 10
2976 1
7006 4
9795 1
10096 8
10530 1
5387 2
2206 4
8900 2
3182 7
10033 7
5696 7
8260 2
6561 9
169 2
5335 5
3382 3
5532 3
2453 4
8674 5
9686 2
9528 1
5380 5
9903 4
2323 3
497 10
4530 7
6949 3
6136 2
11226 7
1211 2
2718 1
10607 5
9865 5
9071 4
1262 3
5022 8
7713 7
2435 1
2153 5
8064 6
8193 5
5044 2
11407 5
4662 3
1462 0
3578 9
3891 4
879 1
3535 3
11252 8
6613 4
3196 2
6281 9
5680 3
1878 3
521 7
3989 5
5050 10
211 6
375 7
2020 4
838 1
5493 7
7779 7
5939 5
3373 2
4035 4
538 7
2167 9
5383 9
5679 2
2263 7
9656 2
10872 10
2614 1
8476 10
9988 2
1195 2
5642 1
7170 2
6001 4
9241 8
4434 10
9537 5
1114 10
6525 1
5594 8
5765 10
9561 2
6259 7
6690 8
4658 1
4926 5
4654 7
5103 1
5198 7
1279 4
6260 9
4268 5
4366 7
10824 0
3910 1
10026 7
1690 8
10304 10
11597 9
6747 4
95 1
4792 9
11515 6
7949 4
7459 3
11647 7
10605 4
10647 4
9470 9
2974 3
5258 3
3023 0
1342 1
7157 2
6119 0
3296 9
3174 3
6084 3
11213 5
2631 4
7133 1
11556 0
2754 8
501 7
6336 1
4358 5
583 4
1667 3
523 5
3943 5
5099 5
8367 10
2236 2
3955 0
6154 5
3338 9
4142 5
7976 2
1550 3
1244 3
3790 4
7003 1
536 8
6607 10
5622 3
3757 2
2876 5
3928 5
4817 0
2359 9
6196 2
6604 3
5817 4
1029 2
8503 5
3522 5
10789 2
2586 4
5245 5
10821 2
7991 5
6302 2
4194 4
4886 7
6796 2
7454 4
8874 5
8444 6
773 6
5667 9
3519 2
4040 4
9661 2
5226 7
2466 9
2804 1
6560 9
3842 3
11060 2
5273 9
6908 2
5062 3
11452 7
4096 2
11027 2
9026 2
1730 4
2326 7
2690 2
6401 10
10639 7
10532 7
6008 9
5861 1
8233 5
7253 7
8655 5
5774 5
1386 4
10003 3
2798 1
4111 2
5398 9
4307 2
1183 4
1599 2
1696 2
11455 5
1904 1
1984 3
5385 2
6263 5
3312 1
5412 2
1353 2
10745 1
11388 2
5580 5
11633 2
6847 5
1124 5
92 1
970 3
2089 4
10909 4
2698 4
1865 3
6272 4
9647 1
8158 1
4363 2
10687 5
9133 1
1162 1
6457 4
3092 2
7743 3
5539 10
7052 1
4998 4
3739 1
2824 6
8902 2
467 3
7143 2
6378 2
6938 5
4598 2
6398 4
4502 3
4170 2
10554 2
10679 5
2485 10
8126 5
1438 2
5095 4
2204 1
8920 3
4522 4
7846 8
6034 4
239 5
6042 6
3139 5
2967 3
8818 8
11102 1
1867 5
10966 3
943 2
1626 5
2525 8
8993 4
8097 5
7114 2
974 1
6667 2
802 10
1469 5
8688 1
6959 9
2077 3
2311 8
256 9
10743 5
10946 0
9782 1
4348 4
7791 3
10273 4
8207 9
6185 2
8326 6
10794 4
8621 2
8411 2
9240 1
502 1
10388 10
5179 2
3321 9
8318 3
8518 8
3371 9
757 8
7055 2
10005 1
3929 0
8438 4
654 9
11329 1
11396 8
4432 1
448 3
5849 1
11476 9
667 1
273 8
7581 6
1498 5
1461 4
8115 2
6936 7
4326 1
10815 5
4420 2
5338 2
4823 1
7234 9
379 1
2287 3
7327 7
9066 1
9600 5
1354 1
2764 5
7820 2
8863 3
6203 5
640 10
3976 2
8873 0
10326 3
2364 9
9274 9
158 2
2699 4
10706 2
8855 10
953 3
7848 9
3709 3
8890 1
9959 1
9142 5
5842 5
2242 2
1649 3
2056 5
9518 4
5224 5
11042 9
369 7
6630 9
5481 2
4414 2
8857 6
5940 10
1737 4
5196 2
11651 9
5729 7
5229 2
2366 10
9731 3
5443 2
10358 9
10105 4
1909 1
2036 4
11331 3
9842 3
3002 5
2127 2
3516 9
5343 5
3100 10
6124 9
11421 2
815 2
11137 1
8709 10
5707 10
10753 6
594 4
7404 2
6722 4
592 4
9525 4
6628 5
2472 4
10653 5
8018 9
6942 5
2302 1
2398 0
5426 5
4588 2
1607 5
3619 4
7514 2
465 1
4052 9
7904 1
1295 4
3077 7
7568 7
3626 1
684 2
485 7
8299 5
2828 1
7933 0
6769 4
9835 1
4287 1
1042 0
4888 4
1313 5
2123 1
6421 5
8117 1
1380 7
5373 3
3907 7
7796 9
5433 3
10559 1
8339 2
7497 7
6402 2
9485 4
8057 2
8892 1
11050 2
7634 10
6688 4
2694 1
1881 10
7540 8
9682 6
4813 2
4699 5
9969 6
837 3
11367 9
6785 5
9173 1
11186 4
2397 2
3396 10
9820 1
622 4
8405 8
6558 3
8435 3
10586 2
3551 3
7158 9
5374 4
4183 1
7845 2
10218 3
9499 4
402 5
19 2
10390 10
9728 2
149 3
9526 9
7641 7
9397 7
7719 3
1939 1
6436 1
3832 5
7370 2
5210 5
10883 4
1378 1
8452 9
2714 9
4393 2
7732 3
166 2
6510 3
2468 4
1803 1
11536 3
1734 10
290 10
2689 5
11600 7
10590 5
5322 0
9327 6
1642 1
8200 2
2057 4
7151 1
8545 4
1222 10
361 2
8899 7
4239 2
8549 2
8700 9
5465 5
1296 1
10220 2
8992 2
10752 0
10853 10
9681 2
2321 7
7239 7
2467 5
7632 9
5956 1
9393 2
4299 4
8312 2
11268 5
8905 1
3460 5
2098 4
5372 10
1700 1
2322 10
2817 10
6453 3
6608 7
9261 3
1638 1
11380 7
10870 10
10682 5
8601 4
8069 2
2004 4
2726 1
4272 4
2844 5
9497 4
2943 2
10500 7
10954 10
3342 4
7580 2
529 10
274 2
5978 5
2412 9
9093 5
3151 2
4110 2
5613 2
1087 6
3979 2
7243 7
4795 7
11409 10
6368 2
2522 4
6413 7
9156 5
8730 4
6476 4
3155 1
7153 7
8671 1
8056 10
9655 2
8557 1
1745 5
3176 2
1010 3
9182 3
2058 1
3200 10
4504 1
9849 7
9685 1
7345 4
1514 4
3471 6
5180 1
9236 1
5500 2
8481 2
5955 5
5700 3
5164 9
1152 2
5188 5
5559 1
11348 5
5444 9
9246 5
9481 8
416 10
3468 10
10906 2
3558 1
5880 5
1384 4
10924 9
3662 7
9351 10
5838 2
10770 2
2670 8
8247 3
566 6
10540 5
10132 10
7465 10
6669 1
6598 1
4294 5
6896 7
5163 9
1376 7
7576 8
2855 9
6946 1
1219 0
11345 4
7910 2
3708 0
6563 2
4603 7
6500 4
6216 2
6932 5
5608 9
952 3
27 3
1148 5
9078 5
9309 7
9755 3
7787 3
6553 3
8194 3
750 3
2470 7
9496 3
927 10
4645 7
241 10
6314 4
9716 2
2680 2
2431 9
2045 4
9425 9
488 5
2451 8
11428 2
10458 10
3505 3
2840 10
2717 2
7195 5
604 7
2152 5
7110 5
1027 2
6689 5
9250 10
1135 9
7132 0
795 10
12 1
2280 3
1606 3
11067 6
10342 5
9613 10
8017 4
9134 9
1033 2
3476 8
2125 6
6143 4
1821 7
8832 7
890 2
7041 5
5108 9
4744 5
11562 3
10556 3
3018 1
1397 4
11538 2
1442 5
7912 2
461 7
5204 2
9210 1
6749 7
6694 0
9796 1
1601 10
10221 0
10203 3
5893 1
1 1
1460 8
11453 2
3646 6
3836 5
10786 0
401 5
6582 5
6062 3
2896 8
10340 2
1127 3
5516 5
8181 2
4521 1
1329 2
8948 5
11671 1
10141 2
844 7
8236 5
5093 1
3278 3
919 1
8395 0
798 1
3193 5
2681 5
2445 5
1444 5
11318 5
8338 2
4405 1
6961 4
5651 5
470 7
6503 4
1485 5
4619 1
6902 10
825 2
2353 3
1871 10
1065 4
901 2
6566 2
9834 1
3576 10
11048 7
6985 2
1196 5
1687 1
4427 7
7049 1
6624 5
6513 2
1107 3
4743 10
7189 6
10151 1
1674 1
10806 1
1317 7
10318 3
4720 1
5922 2
9863 9
10848 5
6595 4
7693 8
2407 3
7358 5
7097 1
6912 7
6282 5
8074 2
3017 9
903 8
1827 2
4629 7
476 8
8280 2
3491 10
5175 9
3734 5
1363 5
8561 8
9251 10
1846 5
242 3
5695 8
504 10
2589 4
1906 4
8100 1
1341 7
8105 1
9191 2
1927 2
5692 10
6991 5
2046 1
8825 10
9703 6
1260 3
9883 4
10895 2
8239 2
1561 4
7687 7
8243 2
4954 3
7633 10
7730 7
11262 1
6700 0
9560 7
10903 5
9581 9
7285 9
11529 2
7033 1
2156 3
6101 7
5693 8
11337 6
3450 9
2820 0
5573 2
1527 1
9899 4
11138 9
9118 5
5818 1
5045 2
2632 5
981 3
4372 9
11512 1
10219 2
8118 3
10553 3
4738 5
6148 1
2463 3
3214 2
2866 5
2542 1
7216 3
10011 5
26 3
10083 3
10010 5
1014 7
10269 1
3301 1
678 7
3525 5
9448 5
8848 2
10676 2
224 5
1569 7
11381 2
4012 2
9431 5
4733 1
11089 2
9838 1
2133 2
5098 4
5966 3
10604 1
10579 2
9032 2
490 9
10839 8
8559 5
10650 7
10615 5
11670 9
5091 4
5562 2
824 2
6075 9
6469 4
7178 3
4576 2
3657 4
326 2
1390 4
9453 4
4252 2
10249 5
9905 4
10062 2
8792 5
9235 5
1557 2
3360 9
2107 4
10217 7
4304 5
3122 9
8257 2
8135 8
5110 10
4147 0
717 1
5619 3
5364 5
8868 5
4879 1
6916 1
5557 8
10642 7
35 5
10193 2
338 9
862 2
5982 4
455 2
7177 5
9884 4
2346 7
740 4
10474 5
2282 9
8619 3
321 8
6651 7
9374 2
5228 6
1785 5
3994 1
188 3
6559 4
409 8
7717 8
7495 1
313 3
4814 8
2411 2
4734 4
7594 1
3552 5
20 10
11483 2
10695 5
6569 2
11240 1
2842 3
2700 4
11090 7
8151 2
3133 0
7631 2
8271 4
3177 2
5630 4
5341 7
7171 2
1910 1
2506 1
647 3
427 5
1176 9
7295 4
5306 1
5755 9
6347 0
8678 1
9048 2
8881 3
6494 4
11313 9
1477 1
9500 1
10197 4
6692 2
6720 5
716 4
3901 5
7698 3
7554 3
7785 3
6139 4
5483 7
2365 5
8746 4
10359 3
10098 2
2232 4
11362 1
6632 2
7682 3
10495 3
8162 5
754 0
8043 10
5511 2
4075 1
2255 10
1326 3
7694 8
5739 2
4793 0
4220 1
9385 9
11022 8
4746 4
5872 5
6593 7
9096 4
11643 7
10043 10
6112 1
4586 0
8358 9
11339 5
9612 5
10270 4
11247 1
4976 1
8213 7
5989 5
8440 3
1951 9
7103 10
6269 4
3899 8
692 4
6316 2
7194 10
6878 1
7130 9
830 5
2957 2
11214 2
7167 2
1062 5
4716 2
1901 2
6036 5
46 1
867 7
7757 3
238 1
11125 5
644 1
1100 7
6484 4
11207 2
2338 3
10520 4
1136 9
9781 4
3614 5
5779 10
10490 9
9837 4
4803 2
3582 9
2455 5
4690 5
7661 3
1633 7
9598 9
3107 9
10133 2
9767 1
2484 9
8268 2
1554 1
414 7
539 5
3494 9
335 2
9898 4
9225 2
2640 5
7185 2
5716 9
7317 8
3649 6
5237 8
786 7
1895 5
11209 9
2101 1
4439 5
3673 5
5681 8
5445 10
4846 2
11221 2
4868 2
6761 5
8375 2
3380 7
9756 1
4097 3
858 1
11147 5
3284 7
8564 5
5172 5
6788 5
8288 9
4128 9
5076 2
9223 9
6996 2
9434 1
3863 1
3607 1
9794 3
52 3
4933 2
7044 5
6311 7
5440 3
336 9
11059 8
317 9
543 2
10247 5
1677 6
11358 1
11164 7
7046 5
1936 2
7516 3
8533 5
6193 7
8980 2
8560 9
597 4
1031 2
3319 1
3337 7
6679 1
2392 8
7619 5
9075 9
11043 3
9175 2
9707 9
8915 7
10091 5
10541 2
8159 0
10802 10
10746 2
9694 2
10661 0
624 4
3239 8
1154 9
4033 1
7240 8
471 3
3099 3
8160 9
8270 8
10136 2
4672 3
10309 2
5077 1
11549 2
8356 3
10715 0
4324 3
5047 5
9238 1
6594 8
8173 1
7169 3
7837 2
2117 4
984 2
9735 2
9721 3
6776 4
9112 1
4624 0
5185 0
9578 2
4548 5
6717 2
2557 9
9609 9
2740 8
2049 2
617 5
5519 2
7222 0
357 3
10122 5
3096 2
4157 1
1587 2
2743 5
5863 1
10874 2
6054 2
8972 5
5669 3
10099 1
2164 7
373 1
8390 2
8718 3
8343 2
5116 2
9382 7
124 2
1399 4
2450 7
206 3
6219 2
5459 3
11550 2
2351 10
4865 1
4895 3
5079 9
8519 10
9316 5
9511 7
2679 1
6321 7
6610 7
9406 3
1837 3
7716 3
9408 2
950 5
9304 2
1293 5
1503 4
865 1
10109 2
2653 5
6915 1
8196 1
10634 2
1028 3
11074 2
6128 8
7765 3
4241 0
5117 2
3694 2
5431 4
6280 2
9363 1
1245 3
5220 10
5547 9
6165 3
8359 2
8019 5
6724 1
9097 9
8673 10
10509 1
5737 9
4151 9
367 5
5490 5
1980 4
8484 5
422 4
198 3
9051 7
3123 0
2553 5
8724 5
1213 5
6809 10
291 2
2147 2
8782 2
1083 3
6349 4
7096 4
5736 1
10808 8
11038 4
534 7
10071 0
932 10
5122 0
9604 7
3695 2
1880 9
7855 2
9211 5
10690 2
7278 1
8571 2
1716 0
389 3
7021 9
9696 2
4949 2
11370 3
50 3
4535 1
9033 2
8850 2
2440 0
11666 10
2565 4
10297 1
9079 3
8887 7
6673 2
1773 1
8939 7
9364 3
3283 1
6107 7
1147 5
6695 3
1766 2
3409 5
10622 2
5980 1
7588 2
2527 4
5904 0
10944 10
11557 6
1950 4
11068 6
5464 4
6710 1
5895 3
5036 1
5795 10
7959 0
650 5
2291 5
4401 5
10555 0
694 4
5834 2
5905 1
5401 0
2336 4
9266 3
6383 4
11576 7
3088 1
10823 3
2161 5
6447 4
2643 4
3947 7
1775 10
4330 5
8366 5
6772 4
10548 4
4599 6
5274 3
8083 2
7266 2
11570 3
4529 5
11645 3
2992 7
4336 5
5665 10
9178 1
10121 2
5223 2
2582 7
10177 4
5635 7
1021 2
3357 7
651 3
8234 1
9152 5
9074 9
656 6
9958 9
4333 5
9541 6
1564 4
4887 1
7019 5
9860 7
8904 7
8155 0
9579 1
5106 5
7324 10
494 7
1981 4
5775 5
2032 7
7967 3
11656 5
7489 4
9840 1
7323 8
7786 3
165 2
7914 4
7496 2
10108 1
3129 9
5708 5
3795 2
1263 2
9095 1
11100 1
11139 4
9824 1
9890 4
11040 3
9388 3
7726 3
4447 2
1267 7
7348 10
7990 5
10414 5
6023 2
232 2
10428 10
8195 2
4203 1
368 5
10381 4
7789 8
2837 4
3414 7
10278 7
7321 5
5124 7
5521 7
9504 4
9367 2
4259 2
6971 8
4688 5
4515 2
5362 6
4702 1
9584 7
5331 10
10327 4
9116 5
6488 4
5244 2
9791 7
840 7
2521 7
1367 1
382 2
4520 4
7138 1
7066 2
5152 3
7727 3
1056 3
2178 9
7747 3
718 2
4600 7
10202 1
423 3
4464 1
6418 5
3841 5
7832 3
9260 1
2641 4
10960 3
5436 2
11001 8
11548 0
1325 2
6055 0
9955 10
6304 3
11405 2
697 5
2599 2
527 8
9798 4
6817 2
4641 4
3873 0
7478 7
9987 3
3880 9
516 7
6957 10
11410 10
10834 2
4880 2
8952 3
2945 2
2480 5
9109 7
8548 5
7501 8
10985 2
8982 4
9615 7
7599 2
9531 2
1822 7
2912 3
5127 2
10550 7
8186 7
1068 8
3377 7
8482 2
4317 5
4644 3
11572 1
9792 1
1709 2
10995 4
1368 1
3701 5
10778 2
7688 3
6903 7
6442 4
11084 1
8521 3
5860 7
3112 9
5309 8
10536 3
1371 5
10846 5
5389 9
5600 9
1539 5
168 2
988 9
6432 4
1710 8
1741 10
4509 1
8550 4
4762 2
3732 2
2194 1
7311 5
569 7
6361 5
7510 8
2299 7
3181 6
4334 0
5986 1
6691 2
3620 4
3857 4
10881 2
7806 5
5402 4
10492 2
7208 5
5814 8
2802 2
4204 1
8974 2
5890 2
6889 3
935 10
9968 2
9676 6
1783 4
10111 8
836 3
4705 3
4076 2
4201 1
892 9
5227 2
315 5
8925 3
4938 5
6138 1
6188 5
6363 1
8819 2
5507 2
9361 3
139 5
859 2
1876 7
495 1
6050 3
7207 4
5366 3
11663 5
10061 1
3884 9
1978 5
1544 1
4650 2
10235 7
7513 2
6787 4
1131 4
11607 3
9971 5
3304 1
10798 10
1140 6
1874 2
7283 3
9501 4
7569 10
5748 1
1872 9
10178 6
6152 5
2210 4
2363 8
567 8
2335 7
10206 3
561 1
9320 6
7212 7
6671 9
9089 1
1655 4
4707 1
5060 5
10087 2
10006 4
905 5
4121 1
10353 5
8300 2
7150 9
11354 5
2237 4
5276 5
10238 6
10391 3
3082 9
4461 9
10814 9
11397 2
10256 10
7388 0
8928 3
8144 8
9708 2
10672 6
11575 2
1664 9
4638 9
9091 5
5430 9
3434 2
5677 3
3162 5
6223 10
1101 10
480 9
11393 2
3773 4
3263 10
2120 1
9944 4
5576 7
2465 3
11627 6
194 7
1971 4
8264 2
9336 10
5515 5
11447 5
8475 5
8624 2
356 5
9043 9
8134 2
9338 4
1481 4
5811 2
8263 3
6589 2
7701 3
6371 1
3473 5
1298 4
2080 4
3719 10
5987 9
6927 7
4053 1
11543 3
923 7
10181 3
6635 5
2333 5
2671 1
10125 2
8133 7
9718 2
1250 8
6208 4
6764 5
6649 9
4894 5
5541 3
84 3
4592 1
4071 7
6052 2
4924 1
6867 6
10581 4
10643 2
6555 1
5267 5
1054 3
1621 1
9492 4
9099 1
6779 4
2712 7
4132 2
307 5
9447 1
2059 2
1420 4
6906 6
4646 5
4199 9
7761 3
9831 5
11212 2
957 5
3577 7
4937 2
4860 2
1188 7
9299 9
378 1
10558 0
4709 1
7679 1
1761 7
10445 1
3886 10
4751 1
5977 0
7758 3
3171 7
630 6
2084 1
3678 5
4704 1
4014 7
9486 4
1492 7
9907 3
8588 2
5021 9
5334 7
5663 7
263 5
5643 1
3051 7
2111 5
108 9
3679 5
4395 2
4757 6
6548 1
5638 3
10710 2
2500 5
6883 6
3991 8
8790 0
1995 4
8303 3
2278 9
5871 1
9368 5
10929 5
3608 3
4060 5
8583 7
7236 2
6612 1
9103 2
9257 8
11684 10
10691 9
9168 3
99 1
10346 0
4187 5
2288 5
3188 5
10718 2
2469 10
5564 8
6365 3
1080 2
1744 1
5625 8
4000 1
2832 5
9793 1
9460 4
3562 2
11052 1
4737 2
1875 10
4550 5
6744 1
7017 9
11495 7
4727 10
11456 5
6156 6
1929 2
3134 6
11460 9
8664 1
2667 1
6857 0
6015 5
463 5
9640 7
7172 2
10334 0
4829 4
253 10
1590 5
2549 5
6727 4
7427 2
9155 7
6309 1
9221 2
4042 5
1691 6
3883 2
572 1
7000 4
1500 7
5687 2
6159 1
9788 7
9454 1
1323 5
10233 5
6576 2
5675 9
10975 4
5205 7
5311 3
9233 3
6230 9
1463 4
9770 1
956 2
5255 2
9648 2
7819 1
10332 1
3057 5
853 9
8591 2
11676 2
2300 5
1943 1
9812 4
5088 4
1738 2
10990 6
8224 3
134 4
5586 8
10800 6
3661 5
7560 3
4569 4
755 8
4098 5
4788 8
2409 4
5423 4
5232 7
5914 9
9333 7
11540 2
6053 1
7333 1
11356 3
3550 10
11165 5
7916 5
10469 9
4885 1
1552 3
1958 7
11149 5
5900 2
7008 0
511 2
7125 7
4308 6
6012 5
7313 9
2 8
7307 0
4849 2
4826 7
6778 4
3727 4
8099 0
2251 8
9011 0
764 8
5901 7
10497 2
4460 2
3937 7
10543 2
9590 8
3050 7
2830 10
8139 8
7822 10
8828 1
7556 5
6493 5
10073 1
6924 7
9069 5
6286 3
2562 2
2456 4
7700 3
8629 2
1815 7
11200 2
8822 5
8558 2
405 2
4484 1
842 7
4465 7
9391 3
8455 3
5649 9
2652 2
8945 2
192 10
7100 9
9691 2
11201 2
11437 1
8866 2
7950 3
11129 5
11634 7
9978 3
601 3
3707 2
3758 5
2615 2
8128 5
299 6
4309 5
3276 9
10422 9
7911 2
302 7
1887 5
1991 4
428 9
1509 5
5411 3
10638 10
9098 7
10330 5
9740 1
10296 9
1327 1
9625 6
7014 1
5881 2
4666 0
1452 1
1113 7
3508 7
28 3
6357 5
5201 2
4873 4
9322 9
5486 2
362 3
3369 3
2250 9
1180 9
10779 1
5053 2
9559 1
9565 9
8313 2
395 10
9859 7
3644 0
1933 2
1581 2
4140 2
7386 2
4531 2
588 5
3641 2
2552 4
4536 2
1919 9
1864 4
6372 0
7575 8
9318 5
10368 1
7752 3
1175 7
1472 4
4266 7
5865 1
5525 3
10483 2
2437 3
1966 1
2799 5
4150 1
5260 5
8544 4
11036 5
7617 3
8540 9
5870 3
3495 2
7334 10
2429 5
1336 5
3395 2
10511 4
9139 0
9861 4
540 3
2324 3
6390 8
8374 1
2371 2
1441 2
7053 3
5584 9
11426 2
6655 2
9376 7
6790 7
7544 4
3956 2
1603 5
11118 9
826 3
6039 1
806 4
1321 3
7833 0
8045 2
4310 0
4872 3
5585 10
9797 5
6312 10
4843 1
4253 2
9991 4
9467 1
11632 6
1586 3
11399 4
7697 3
9727 2
9102 5
6122 5
1039 7
6322 3
2620 4
7009 0
1954 2
3413 9
5524 8
2132 10
8771 4
5419 9
8876 3
7464 7
3613 2
8934 9
6999 5
9028 3
2165 5
6975 5
10566 2
9219 9
10626 2
4850 3
752 10
6768 4
3892 5
4883 4
10148 2
10070 2
3706 2
5763 5
2477 5
257 5
3213 1
3696 3
9047 5
2395 10
9724 7
9228 5
7804 2
9353 7
8508 7
2260 7
3974 3
7078 4
6893 9
4146 6
822 2
3388 10
6562 2
8157 2
9216 3
1040 1
7620 9
4180 7
2635 4
8050 1
9015 5
1839 7
8445 2
6976 2
9398 8
8897 1
3969 1
7909 5
6065 2
3279 2
2313 10
5531 8
5449 8
1144 5
4906 3
6303 6
7414 2
10609 3
157 2
2812 3
8329 0
10525 4
3665 1
6318 2
11349 1
4667 0
6860 1
7268 7
10837 0
4990 1
4387 2
6538 2
4265 2
5725 7
8919 2
11406 2
386 3
3904 4
8076 9
1932 9
6330 7
3449 5
6956 4
8838 2
1720 0
5826 7
7539 3
9328 5
8880 9
800 7
10646 5
9946 2
4574 2
1834 7
5347 3
3521 9
562 1
8586 1
2168 9
8955 1
4409 9
6452 1
5240 2
7630 2
5640 9
1277 4
10328 4
7488 2
10708 1
1556 1
9164 5
11419 3
8046 2
9766 1
9877 4
8227 5
1675 5
1743 5
8330 2
11668 7
3152 2
2616 9
7639 5
10772 3
7844 10
6415 3
1787 4
9204 7
11613 1
5816 5
9570 3
2389 10
5644 4
8795 9
10722 3
1142 10
1314 9
445 9
8351 2
3179 0
7411 0
1139 1
891 0
8695 1
7023 9
1708 9
9280 8
10636 10
2482 9
961 7
11351 2
4293 5
6465 4
7397 5
2612 2
2008 4
4898 7
8706 9
6899 2
5130 1
8370 5
643 5
1297 1
5567 1
2970 1
9081 1
997 7
11227 1
10366 5
4134 3
6994 3
5709 5
76 3
5453 1
993 3
7392 2
5527 1
3262 3
9563 7
2823 2
5965 2
1075 2
7603 3
10991 3
4302 5
2779 2
2577 5
6213 5
6672 5
11320 4
8457 1
143 1
9621 4
5747 1
9970 3
10603 1
8741 10
1899 2
10980 5
4480 2
11623 9
5866 4
6528 1
9234 2
1698 4
2490 10
7676 9
1956 5
2580 3
3343 1
9357 5
1256 5
9041 1
4441 3
8999 3
10727 0
11527 7
1719 2
438 8
5278 3
11664 2
8005 9
2607 7
8532 7
8810 5
4950 1
4182 0
8581 7
11369 2
8978 5
3432 2
10126 5
5170 1
2497 3
7503 2
9160 4
8640 2
7961 4
5173 1
8451 9
2355 10
632 9
5068 1
3869 1
7120 2
258 6
380 2
1812 1
1210 2
10144 0
2181 3
9371 9
11492 5
642 9
3333 4
1650 3
8472 2
10089 7
7492 7
4620 7
1747 3
10 3
1381 4
5823 1
8949 8
8942 9
10761 1
5751 4
7036 4
3064 4
10818 2
10517 2
6746 4
2696 4
8183 9
3622 7
11271 5
3160 2
10261 3
3322 7
1288 7
9291 8
4516 2
8430 2
3438 3
659 4
5467 1
5314 3
6827 5
10378 7
462 3
5221 5
459 1
7429 5
1061 4
10157 2
3518 8
8473 7
5862 4
7740 3
9687 5
3794 5
6106 3
3221 0
1516 4
2360 2
1345 7
5502 10
8728 4
5799 1
1749 2
11166 2
6819 4
10927 6
3761 2
6737 7
7228 9
10027 1
6497 1
6639 3
8976 5
3916 5
10897 10
4587 5
4158 1
2478 2
170 1
10382 10
3572 5
4759 1
1780 1
5102 1
9194 7
9906 1
11000 2
8447 2
4046 4
3401 3
9895 4
9187 4
431 2
3839 5
7081 4
10600 2
3617 2
7354 5
5778 3
5393 2
5476 5
11545 2
7571 6
8830 2
1475 9
1542 1
3454 7
89 8
2433 3
4022 2
1520 1
6305 2
8333 2
6993 5
1568 4
6904 3
1619 5
11267 5
796 2
9126 6
7696 3
3022 5
10335 3
7602 0
4916 2
8016 3
3670 1
7567 1
1067 5
1985 1
11564 2
2225 5
5323 2
7360 5
9759 10
5118 4
1693 0
8947 10
11642 1
5187 3
288 10
3959 2
9262 4
5355 3
8580 1
5664 10
10162 2
11232 4
6082 2
8197 5
1194 2
10348 7
8535 1
10479 3
11573 7
6537 3
11520 7
10596 5
3834 2
10200 3
9580 5
11234 2
5678 7
10078 7
4028 1
5561 8
1740 5
8378 7
7987 5
6965 3
3125 9
9297 10
9471 2
2636 4
7994 2
7291 5
1366 4
5617 2
4902 5
9889 1
3728 4
3265 7
359 5
3020 7
8893 2
4758 9
3509 3
3547 7
8448 8
7565 5
10618 7
5831 2
9184 2
8622 5
5999 4
6419 4
8937 1
5668 10
7577 8
9741 1
10164 1
7852 7
5169 9
103 2
9853 4
3126 1
3987 7
5131 2
2252 7
9346 4
4328 4
7771 8
10713 1
5970 2
4215 2
11387 8
10239 5
11157 1
9764 1
6428 3
6921 1
8119 5
7181 7
3461 10
8406 10
1813 7
10213 3
8341 8
8584 7
990 1
11077 2
6340 7
7913 2
8201 0
3751 7
8396 7
7221 5
4981 4
2383 9
1394 1
9150 1
7226 9
10813 2
6995 2
1824 2
6939 5
7310 6
3054 5
9195 8
3115 1
6155 3
11674 3
4264 7
2305 8
6127 10
10465 2
10797 9
9063 5
7657 3
10864 2
7608 4
421 8
4213 4
9370 0
7289 1
9830 4
5897 2
8294 3
9062 5
3741 7
8889 1
8392 3
10728 2
2602 3
5358 7
7246 2
7524 2
3081 10
11602 4
4273 9
625 9
10212 2
6573 2
4261 1
5848 3
4424 5
2988 0
8081 9
7966 2
1595 7
6175 2
3503 7
5549 2
4025 7
8648 5
7673 8
270 1
6584 5
8237 3
11130 4
2962 5
5543 2
312 4
10406 2
9734 8
8527 1
1494 7
9049 2
7766 10
2261 9
486 2
355 5
10570 6
1519 3
3903 6
10754 3
10862 5
2963 3
4756 7
2650 5
5636 3
4495 5
11347 5
7592 5
2410 1
7399 2
1522 1
646 7
821 2
2144 5
8903 1
5320 2
1374 5
2013 1
4459 4
10072 0
29 5
5806 9
6380 1
8683 5
946 1
5589 7
3199 6
1636 1
1238 1
11390 5
4210 4
7615 1
6134 4
7058 2
8423 2
8185 9
5753 9
1624 5
5554 9
2587 4
2119 4
333 5
4235 2
5074 7
2977 2
7347 9
10467 6
5915 10
2655 2
9658 2
58 3
8246 7
3370 1
7315 4
652 2
1796 4
4277 9
920 7
10932 6
9571 9
2317 1
8767 2
1955 2
955 5
1666 5
2315 6
1123 2
4918 5
6179 2
5924 7
1493 7
6750 3
11440 4
5523 7
9810 4
3451 1
10508 4
3481 5
4767 0
3270 7
7242 9
7507 8
8723 5
4296 9
8297 6
5796 2
3868 8
5602 9
5528 6
5740 1
7751 3
7831 2
4859 2
3597 1
3168 2
9586 2
9452 7
7395 5
9278 6
1579 0
1620 3
7183 9
23 7
7600 7
8161 2
7596 7
2249 10
715 5
4927 1
6535 2
5790 1
7857 2
7124 2
9188 7
9458 1
3009 2
10449 10
6057 0
1249 8
5056 6
9869 9
7906 10
1312 1
6224 9
10159 5
5107 2
374 9
7522 2
11333 3
7621 2
9951 2
6823 2
6623 2
2348 3
3328 1
8924 1
7244 9
7627 7
8276 0
6044 3
7203 5
1850 3
11064 8
500 5
5510 2
126 10
435 8
776 1
7597 1
3215 9
10593 5
6877 5
9683 9
5292 1
10810 8
7186 2
5656 9
10759 10
5770 0
8918 3
3329 1
1797 0
11503 8
5216 6
106 2
5400 7
11374 5
4686 1
8230 2
6100 9
8410 4
10847 8
531 1
10795 5
1166 1
548 5
1808 1
5723 6
2245 9
8721 1
6854 3
5825 5
2130 6
3110 10
10019 1
6461 4
210 3
2081 5
9125 2
2388 2
9307 9
5993 4
2598 8
7907 3
404 4
8938 1
6508 2
2193 1
11567 7
2224 5
2491 10
10118 6
11605 5
11261 7
4721 7
3984 4
9284 2
3384 7
5217 1
6408 1
5612 2
331 2
3610 1
9200 9
347 3
5460 3
547 9
9127 0
8309 7
6945 9
8708 2
10268 4
8659 2
2972 1
7945 4
8240 3
6449 5
10316 5
6229 3
5413 5
3458 9
11224 0
994 5
5288 5
9348 9
11658 3
10396 7
1678 2
10160 10
1271 9
10519 7
8973 1
10424 9
593 4
8206 2
9377 3
11681 7
1396 4
4947 3
7643 3
9137 1
5629 7
2172 3
8272 3
7241 7
10764 10
9487 3
4236 9
8547 1
9773 4
9802 4
411 5
2634 4
9442 5
8495 5
2581 4
9635 2
4612 5
8652 0
4812 2
10610 1
3774 5
693 5
11334 3
6466 4
8523 3
3187 7
10460 5
4018 9
4089 4
7930 3
7211 10
11035 5
9324 7
8694 10
5000 4
9710 9
9546 6
3656 7
7782 3
5506 0
1651 5
4714 4
2382 7
9444 9
11222 2
7980 4
1829 3
5545 7
9960 9
4492 2
1468 5
907 2
9331 3
5234 2
11411 2
9414 4
11412 5
9574 10
2605 5
4263 9
1464 7
2202 2
1407 1
1174 2
11322 3
7067 6
560 3
8815 3
2122 1
3106 9
7699 3
7088 5
11442 2
11132 4
4970 9
6909 5
9790 1
4681 4
4037 4
10438 7
2417 4
6661 2
10898 3
10557 2
11467 4
5902 2
5609 2
10082 9
1949 4
8485 8
873 0
4205 5
2950 5
9209 5
7259 2
2023 1
6031 5
3674 5
663 3
5750 2
4163 1
1831 9
5316 3
7637 2
10404 7
4030 7
727 4
4610 4
6278 7
7421 2
10021 5
9804 3
1648 1
2979 2
2222 4
9836 4
10560 2
5009 1
3756 7
9114 5
10290 3
7763 3
2621 1
6367 2
6960 3
971 2
4858 2
8990 9
1433 1
8572 3
1160 9
7204 2
10054 6
959 8
6069 5
9226 5
731 1
3095 3
9445 3
130 1
6792 2
3307 9
5424 5
10868 10
5685 8
10984 7
496 3
3760 9
4152 3
10415 4
3379 2
3334 3
6108 2
5738 2
5953 2
185 5
2030 5
8585 5
320 3
3659 9
10788 3
2191 3
3722 1
7012 1
7326 9
4876 2
4102 1
10956 0
4174 9
6279 7
8616 2
8156 5
10127 2
8164 1
7681 3
847 3
1304 4
4286 5
7105 8
7199 9
6109 9
6231 1
11501 8
2771 2
6146 2
769 8
1057 2
3390 5
4209 4
9110 2
2135 6
5496 2
6758 3
11239 5
3013 8
212 5
152 5
9567 5
3691 2
2247 3
2413 2
456 8
8108 5
6586 3
8282 2
10380 10
8089 8
4173 0
5851 8
2330 10
2034 3
3271 6
9054 5
5272 2
10504 4
1092 3
3261 6
2275 7
791 5
5339 3
10314 2
6967 7
6468 5
7116 2
102 9
9290 2
252 3
4275 2
6840 8
8400 2
7739 3
8707 2
7974 3
383 9
10654 3
6600 3
9189 4
8127 8
6636 5
10307 2
365 5
8364 0
1355 4
298 7
734 7
3888 9
5067 5
4342 5
6786 7
8060 2
10075 2
9129 8
5369 1
636 4
10549 5
7714 3
418 5
2608 5
2047 5
11321 2
6325 10
733 3
9765 1
1947 3
10668 2
11072 2
5156 9
4710 7
244 2
8783 4
11427 2
1537 4
4007 9
545 9
5203 2
4023 4
7972 4
1319 9
680 8
1551 3
5428 5
8725 10
7948 2
4956 5
7260 8
1597 9
10785 3
10599 1
5598 10
10551 2
514 1
7393 2
184 6
621 3
4802 10
1016 0
1170 5
6521 5
1809 7
10657 5
6267 2
6798 1
8490 7
1205 2
193 7
1582 5
7390 3
7083 4
10496 3
7282 4
3917 5
9004 8
1806 1
1022 2
7645 3
3205 5
5351 9
10659 5
5633 1
7839 3
8667 0
698 4
4825 4
1076 0
1169 9
10524 1
1049 2
11444 1
5065 3
2116 1
1912 5
2262 7
2055 1
9995 7
5684 8
6966 2
3557 5
5676 6
2706 4
8779 7
10155 2
5932 3
8726 4
4206 4
120 3
3905 1
2952 2
6116 9
3175 5
11561 2
1819 5
10431 8
3260 3
1202 1
5592 2
8831 3
4989 4
8324 3
4323 5
2303 8
6935 10
4589 5
6492 4
3416 1
6276 5
107 3
6766 1
1724 7
1023 5
11202 5
11589 2
8048 5
577 9
5238 9
2281 2
7424 2
9688 3
9660 2
8208 2
10190 5
2818 9
1466 4
10097 5
6445 3
6998 8
6846 2
1641 7
3669 4
6222 5
5119 1
1979 7
3945 5
8662 7
2546 2
2544 2
8539 6
833 2
1777 3
1496 1
8414 10
7574 8
11236 4
6199 4
8079 1
10875 2
1781 5
3882 2
4597 1
6037 3
3478 5
47 3
4835 9
6256 5
8285 5
5035 2
7691 10
7593 1
5160 3
11594 2
2341 4
8593 3
8315 6
9154 6
1038 2
377 6
7263 8
424 2
9275 10
5641 9
1759 7
2856 10
6685 7
1860 5
10336 9
2981 7
4159 1
7830 2
3340 1
8682 10
3011 2
11071 9
6684 3
4683 4
10258 5
1968 5
340 7
8841 3
10612 7
11599 2
11121 4
2603 0
3705 1
1204 3
5819 5
2533 1
9868 4
3963 1
4665 0
3345 2
10737 5
2227 4
6565 2
10482 5
161 3
7175 2
4036 4
6379 3
11454 10
7191 1
9381 2
3142 5
10076 2
8835 2
4809 10
9639 6
9825 1
4571 6
8332 2
8555 7
8578 1
8487 5
6455 3
9757 3
4651 7
11171 2
1338 5
9937 1
6226 1
6646 2
5359 3
9606 8
10192 5
410 5
4815 2
7685 7
7043 3
10910 2
1046 3
3791 5
10376 9
5033 2
4438 1
2761 1
513 7
4279 9
748 2
5360 7
7604 5
11432 2
9483 3
9106 5
498 2
9082 7
6189 7
8417 3
5378 2
3865 3
3097 7
4842 2
10373 10
10805 4
3327 9
6431 1
11328 2
4755 1
6170 4
1934 9
6382 7
6214 7
2688 5
3549 10
6821 4
2583 4
464 3
9399 8
7840 9
11692 7
3716 1
4212 4
5482 7
7511 5
9432 5
9045 10
8311 5
3366 2
6066 2
3936 5
9630 2
747 4
8437 0
7197 5
474 3
7690 3
9506 1
301 1
2995 7
9412 3
1976 4
6570 5
4673 4
6580 9
11092 5
8146 2
220 5
1036 0
1983 4
6195 8
10140 2
607 2
5593 3
2572 4
5178 5
2195 7
9992 5
8604 9
559 3
5571 8
1459 1
5499 8
137 10
9130 7
8434 7
5917 10
8923 6
4836 10
3714 4
9582 3
5787 5
7598 0
9355 5
8894 9
447 0
10205 1
4907 5
2517 2
7232 1
6443 1
6142 7
3117 1
3010 10
2028 5
9743 1
11673 8
3766 2
6647 5
6871 2
8266 6
11061 10
8010 4
889 1
9196 2
9427 4
1239 5
4729 7
1086 10
7249 8
4533 2
4428 9
9997 5
5634 2
5100 2
4854 2
9479 2
3361 3
8837 1
2539 5
2106 4
9653 7
2871 3
5957 3
2021 4
9515 1
841 4
5899 6
1658 4
789 7
9519 4
8302 10
911 8
7936 2
925 10
1119 4
11525 6
4618 3
7351 10
3466 9
5821 3
3587 2
6937 2
756 3
10630 3
5104 1
10542 7
11143 4
10978 0
4987 4
8053 3
4722 2
10537 4
2327 5
8218 2
3949 5
8775 0
4347 2
10816 5
8422 10
5518 7
5758 10
5733 1
7979 5
2624 1
11485 3
9380 2
6270 4
8512 8
3965 7
10473 2
7 10
8935 2
6186 3
3147 1
3489 4
10529 2
4069 5
10757 1
11593 2
4384 2
6643 1
3287 9
8035 4
3098 10
1574 3
3367 2
3763 10
6504 4
6288 2
3918 5
4905 5
7794 2
4819 6
10427 1
7007 5
1631 7
8244 3
6866 0
7977 2
4625 2
6358 3
1132 2
10515 1
6240 1
4343 1
10313 8
3269 6
4541 5
10398 1
4664 10
7850 7
8617 5
8515 2
10912 2
3913 2
5558 5
5845 7
6060 4
387 3
10675 5
7735 3
4394 2
982 1
10423 5
3163 4
8543 1
10188 7
11243 5
11039 9
544 5
9030 5
7162 3
2907 1
6464 4
10457 5
11629 1
6275 2
6360 2
10619 7
6891 7
2676 2
5315 6
10263 2
2512 5
5384 9
9637 9
9711 10
7792 7
8279 0
10670 5
4295 9
10286 0
6502 4
3275 6
2563 7
2639 5
8864 2
9620 8
6308 2
6182 0
10204 6
3893 2
2816 1
8916 10
7209 3
9709 2
2744 8
4606 1
1351 1
4572 10
8680 3
7940 7
8072 4
6861 9
8412 1
189 8
9954 2
1053 2
10114 7
9540 5
9816 4
3743 4
1474 4
11075 1
2216 5
7918 4
4172 5
11256 5
793 7
7287 5
3718 4
8759 2
6022 1
4577 2
10447 10
10329 4
8596 2
6420 1
3602 1
10953 5
436 5
11352 2
2376 2
1987 5
11592 2
2656 4
575 10
2790 4
10716 2
6411 2
5301 10
140 9
2175 5
36 7
3488 9
8063 8
987 8
8267 3
6782 4
7611 5
136 2
612 3
4435 9
11653 2
5912 3
1801 5
5052 6
11608 2
2011 1
2822 2
4545 4
5563 10
1967 4
284 4
131 5
4177 8
10916 2
9627 8
3537 8
5257 3
864 1
5906 7
8641 2
481 2
8860 2
6820 5
9901 4
5735 8
2316 3
396 7
9931 4
5771 4
4695 8
2331 2
6887 6
2843 5
11585 2
3317 5
8686 1
8143 2
909 5
9602 4
1125 4
6448 5
9763 2
6289 5
3146 1
7418 2
7663 3
3996 4
4357 4
10744 2
3422 4
3700 0
7799 10
1275 3
110 2
10971 5
606 1
949 3
2854 4
9401 1
7929 2
9677 2
10917 5
9306 8
10817 2
3693 2
9762 2
1892 4
6807 5
2475 2
2633 1
7671 3
4100 3
4249 1
6540 2
6356 3
9548 5
4340 7
6064 9
8114 2
9733 2
4608 1
5394 7
7711 3
6704 5
7835 2
6711 2
3724 1
8649 9
5256 2
947 7
10871 3
2782 10
2051 5
6035 3
9031 4
1555 1
8742 10
3964 3
6294 3
4064 4
6726 1
7409 3
2982 3
10533 1
8672 1
4611 5
8716 1
1030 7
3524 8
3256 1
4631 9
9073 5
5165 2
2644 3
8020 4
1482 4
1456 8
1018 1
6868 0
942 2
6157 1
5813 1
11687 0
8546 4
3590 2
10387 1
10333 1
11546 10
6585 9
6506 4
3783 6
9213 4
5820 5
9474 1
9641 2
7146 3
2368 5
2082 9
4024 5
5399 2
4141 7
5935 5
4614 5
6364 2
7269 1
4811 6
3484 5
8511 10
2092 4
11661 5
2002 4
8453 7
2005 7
3923 2
9527 1
7210 9
390 5
9088 7
3980 2
6653 9
9744 4
9227 3
2834 1
6564 5
6071 2
5520 5
11435 2
412 4
1659 4
5151 5
507 8
2558 4
9273 5
1711 5
6046 3
6702 2
4845 8
9587 2
6352 2
9359 9
5996 4
10773 1
5212 2
916 0
8793 5
5337 1
4426 2
7561 1
10375 1
10216 3
5078 2
5762 9
7013 5
1414 4
5473 1
8657 0
7485 9
4237 3
4130 9
8150 8
9457 4
7082 1
10331 4
4370 7
10499 4
6463 4
9984 7
10199 3
8552 0
2068 4
1388 4
11448 6
11439 9
7769 3
3308 0
2430 7
563 9
9186 5
7989 5
804 2
11233 1
7552 4
11366 10
11332 2
8933 2
1517 2
9690 1
2007 4
2405 7
3507 10
318 5
10577 2
2765 2
1209 1
2246 9
1973 1
9423 10
2959 5
5189 2
3930 0
973 2
6509 2
818 10
394 9
10000 2
1157 2
2356 9
4818 3
2794 5
4419 2
1779 9
4118 2
3393 3
4877 2
2217 4
10420 2
2334 4
10585 1
6410 2
635 2
9345 2
8800 5
2965 7
8397 3
7223 2
9585 7
7836 2
2739 8
6171 1
4983 4
10489 2
217 3
11458 4
2702 1
5961 2
7731 3
10688 6
10437 1
4594 1
6824 2
3349 9
4749 9
7664 3
10439 6
1988 4
4171 7
9303 1
10644 3
1695 1
6145 5
857 7
3091 2
8551 2
8187 7
8579 5
11219 2
6829 1
6080 5
582 10
11509 7
8733 2
9589 2
7985 2
11338 5
3233 10
7548 7
11535 2
9800 1
991 8
10840 2
6362 4
602 2
7795 7
5157 8
9436 6
1778 3
3210 5
8859 5
5136 10
9296 7
1208 3
1117 9
11507 2
9618 10
6283 4
876 10
3036 9
9689 2
3197 3
1215 9
5197 4
3703 5
11107 5
334 1
2738 9
823 5
2795 1
595 3
10914 9
3581 2
1253 8
7119 3
175 1
3977 5
6851 2
1835 3
986 0
8314 7
9248 5
2693 2
8781 6
7384 2
6375 8
1725 2
2259 9
4655 2
7749 3
1671 4
10362 10
2014 4
5548 8
618 6
10887 5
11655 7
449 4
4579 0
8232 4
8372 0
3588 2
9979 2
1937 2
5494 10
3998 1
8658 2
537 9
2651 2
5054 6
6530 9
11518 6
1273 7
151 1
4131 5
7849 2
4581 0
9887 4
5652 2
9846 1
11119 1
1377 1
1268 9
1424 4
10700 5
11169 10
1629 4
8242 2
14 8
1315 1
2919 3
9335 5
2362 5
5092 1
6876 5
9591 2
10394 5
7520 5
11644 3
5353 1
8554 5
8225 6
6858 3
2595 2
1364 1
4630 8
9052 5
11384 2
3981 0
4514 7
3375 3
10377 5
5284 3
1112 10
9136 5
3995 4
3710 3
1836 5
2267 9
8526 2
8885 1
3113 9
4043 3
2162 1
9818 4
8054 5
4143 3
1998 1
1907 5
4857 2
7064 6
7086 8
975 7
2588 0
7330 10
204 1
3510 5
6662 5
7958 1
10528 2
1081 2
1432 4
439 2
1402 4
9128 2
10009 7
7953 2
10730 5
2184 5
10567 2
2850 4
589 2
7934 2
2727 4
5046 3
3254 2
4627 7
10790 0
10776 2
8322 10
4591 2
3563 2
6117 6
11475 5
9244 10
4601 3
6832 1
1226 1
4999 4
337 9
10093 6
6670 4
3894 5
10123 2
11598 1
8595 2
5785 1
10462 5
172 2
7529 4
3052 3
6740 1
5670 8
3924 5
6795 1
11150 5
2279 3
10267 4
7970 2
8317 6
2434 5
2038 4
2182 2
1758 5
738 4
2294 9
6341 7
7051 2
8373 5
7230 5
10350 2
10448 10
3332 7
316 3
4129 2
8563 5
6032 3
8509 1
4297 1
9662 9
1982 1
1105 9
9383 1
11532 2
6988 7
2070 4
8517 5
4068 2
10780 10
5468 9
8846 5
1473 4
6271 7
8381 5
159 2
3164 5
3172 2
7813 2
9148 5
10631 4
5264 5
2248 7
473 3
1181 2
2642 4
8306 5
2329 3
5023 2
150 2
9980 5
9914 2
2343 3
5844 4
8607 0
8223 5
9124 2
3876 5
2486 10
2209 5
3531 6
5962 2
2203 0
10036 7
4765 2
3768 10
11179 5
8987 1
3475 7
7843 9
1679 2
5503 3
7304 2
478 6
9827 4
9808 4
3153 2
9087 1
4636 9
9060 2
814 2
8382 8
3194 5
10195 1
5620 2
9198 5
11611 1
11365 10
4680 4
9833 4
8365 7
2548 0
7275 2
5287 0
8355 2
332 10
3682 3
6801 1
1610 1
5604 1
6161 0
9915 1
3720 1
11183 5
8699 1
1052 6
8287 1
1714 5
11504 8
2536 5
5268 5
6478 4
11510 2
8789 7
4957 5
1431 1
7068 10
9857 1
8413 7
7463 10
1637 1
8932 5
5711 6
1237 7
8786 2
10395 1
730 3
6507 5
2591 7
7352 6
10129 3
8376 2
4920 1
9466 4
6732 1
8738 4
4049 4
171 2
5463 4
1149 5
9530 2
10865 2
5963 2
1389 7
608 9
551 6
6429 4
8284 2
6198 7
1774 9
11519 2
2254 9
4505 4
11246 4
2745 3
4745 5
1041 1
440 7
6235 4
3363 2
5879 3
5312 6
10781 0
3779 5
5843 1
2673 3
1870 10
8389 2
7074 1
293 1
3470 9
3499 3
9263 9
10067 0
9305 3
2265 9
8670 1
2115 4
4941 1
6174 4
9424 5
10886 8
328 5
8286 1
1382 4
4580 2
4701 5
1794 5
3684 4
11595 2
3402 7
10775 2
10004 6
5070 7
10624 3
11373 2
4269 2
3273 3
6265 5
6255 7
10352 4
7214 1
7662 3
5168 4
7715 3
11196 3
9513 1
4079 4
7587 10
4604 1
265 5
3437 4
10943 3
2421 1
751 1
1233 5
10044 9
1515 4
8587 2
11272 9
8911 2
1613 4
3272 6
11615 2
3688 2
4507 1
9973 9
10649 2
1320 7
3012 6
10435 9
2286 5
7917 5
613 9
7760 3
4195 7
10582 2
10337 4
11578 1
2627 4
6505 1
8178 9
5538 3
7179 4
4866 5
4274 7
1994 4
283 4
9712 2
8676 3
8248 7
1229 5
9070 3
1524 1
5837 7
5395 1
1116 10
3730 2
10698 9
10711 0
6486 4
8182 2
709 1
8383 3
86 5
5375 7
2425 5
1884 4
4073 5
4482 1
1816 3
1553 7
4156 7
6043 6
8717 7
8055 2
3397 3
6183 8
4070 4
7654 10
7626 5
1694 3
127 6
2085 9
1632 3
7306 2
9279 2
8281 8
9267 0
1838 1
2439 6
5908 7
9343 10
5354 3
6451 4
1689 9
4578 2
4544 5
7573 6
2208 1
1206 5
668 5
8137 3
22 2
9495 4
9631 4
8971 5
5342 9
6997 8
9441 1
674 7
6919 5
6 7
3198 10
9787 4
5659 10
8130 9
7163 4
1234 2
5560 5
940 3
6822 3
2158 4
10998 5
8849 6
1393 1
1752 0
2379 6
3313 7
2692 1
7355 5
13 10
306 2
7417 2
9985 9
2927 3
10674 5
6984 8
11398 2
11617 10
8387 10
8347 5
5777 10
10405 3
958 8
6955 5
7748 1
10854 4
3463 3
2241 3
10034 9
5764 9
3852 1
5745 9
1765 2
10319 5
1712 4
6578 5
1177 5
1439 4
3664 9
9268 9
8368 1
10620 1
8354 5
8102 5
1073 1
2585 4
1528 1
10831 5
5112 3
9815 4
609 5
11539 2
4006 1
1697 7
6869 0
5194 5
7219 5
6103 3
11026 3
7744 3
5722 6
1851 5
7526 4
6882 3
6370 2
4122 7
6637 9
8204 6
285 1
3039 4
9679 5
10692 2
10029 2
11516 10
3675 5
7254 7
8044 10
4719 5
7111 2
1640 2
7802 9
3431 4
2296 1
1198 8
1230 5
391 8
9158 4
10522 1
1609 5
10451 5
6862 0
6806 5
10484 5
7257 2
1352 4
3500 2
11505 1
5705 5
9404 1
7754 3
1578 4
3220 3
1429 3
6741 0
2442 8
10652 6
4344 3
7271 1
5034 4
4643 3
3736 3
1391 7
10921 8
1192 1
7814 8
3417 4
9823 4
6441 4
7851 9
9462 1
9197 4
1071 2
4154 10
11033 2
5976 2
2109 4
3612 1
8744 7
10464 1
8394 2
3854 1
352 4
5756 1
11117 4
9749 4
584 6
11046 2
6475 4
4113 2
7004 4
1993 4
10689 5
739 1
4725 3
9617 9
3324 8
7475 2
5089 3
7184 1
3919 2
1064 4
3856 3
9340 3
8293 2
7431 3
9046 3
10276 7
655 3
3346 2
2742 2
11070 3
3830 5
5421 5
9533 3
114 2
7298 5
7500 8
4278 1
8443 3
3850 1
6716 5
10175 2
2530 7
5259 2
9619 5
2094 9
8823 1
2701 4
10068 2
1220 0
2729 4
832 2
6714 2
9313 1
11197 2
7746 3
8404 3
3606 2
2118 1
10116 1
2509 7
11431 2
1019 7
1791 4
5437 1
11587 5
10704 0
11640 8
784 1
11636 7
2244 1
2097 5
10725 4
5726 1
6285 7
6892 6
3285 1
3900 7
779 7
1547 1
7720 7
2436 3
7251 3
526 10
10433 5
1558 4
4125 2
4123 5
6273 4
203 7
10621 5
7613 5
2196 1
10040 5
6118 1
5610 9
8613 5
775 5
10383 9
7767 8
4251 2
4806 2
968 2
5701 3
8489 2
7964 9
3250 2
2610 9
9161 7
2458 3
4713 1
11468 8
7316 5
3855 5
6925 9
9426 3
4994 1
8839 8
6033 4
5691 3
5094 7
7405 2
1742 3
10410 3
5236 9
11058 9
4319 1
3464 7
8600 2
8615 5
6596 4
11216 2
5704 9
10407 8
6473 4
4423 2
8480 8
3185 0
3353 3
4412 7
4103 9
7680 3
4065 2
7993 5
7750 3
11225 1
638 7
117 4
5295 6
9100 5
2215 3
772 2
5190 5
7790 3
9039 2
8500 1
1001 4
3318 6
9819 4
4934 2
9347 5
8569 3
10920 9
11263 5
1281 2
11474 8
8061 4
9805 4
5181 5
10606 5
6666 2
10323 2
9459 1
11363 9
93 1
1356 1
6658 7
73 5
11142 4
7636 0
5783 1
5789 1
10254 2
9772 9
8702 4
1348 9
5930 1
3462 3
4382 7
8768 1
5759 1
11133 2
3042 1
2103 4
3109 9
9132 2
8756 9
1577 8
10709 1
5588 5
7026 5
182 1
6081 1
6713 9
5250 8
1099 5
3166 5
5595 1
2136 7
4067 10
6083 10
8175 5
4144 2
6296 1
11109 1
7943 3
11006 5
7525 2
7986 2
2954 5
7076 8
11558 2
5361 3
5146 7
1703 8
2499 7
10860 10
2426 7
10385 9
10811 9
2750 1
9803 4
4301 4
7935 0
4615 4
8592 4
1141 9
4381 7
5637 4
10322 3
11524 6
9166 3
8522 3
10907 6
4338 7
7678 1
2029 1
704 1
6430 4
1502 3
7433 9
9572 5
7515 2
10207 3
2274 9
11500 4
5469 3
1873 2
7628 2
6974 2
10923 2
4995 7
5804 5
4202 4
9253 3
7742 3
6873 0
9053 2
4312 10
2375 9
6427 3
4019 2
11446 8
10063 2
292 2
6983 6
649 7
2100 2
11115 4
10001 5
5575 9
2836 3
5446 2
10139 9
1120 3
4763 2
4291 5
9428 4
10625 9
3008 2
10641 5
4922 5
2574 3
7528 5
7054 2
9145 5
6287 7
2759 7
10587 1
8399 5
10215 2
11355 1
3797 5
7217 0
10804 2
6970 9
1866 4
8416 3
8630 8
535 9
4942 1
9301 3
4233 2
10245 1
8975 3
834 2
2531 7
135 4
5991 4
4735 3
6901 7
5542 2
2862 7
3191 9
2373 2
4303 3
5159 5
111 3
7566 2
11103 2
3942 5
1308 5
10989 1
11168 2
8088 3
9892 1
8251 7
8574 7
1656 4
6601 9
4462 1
10149 3
10969 0
2526 3
10037 2
9036 5
4553 8
10305 3
8567 2
2183 7
7077 1
3111 5
4001 4
10825 0
10065 2
913 5
7113 5
79 1
6947 1
2229 2
1274 10
4031 4
7309 10
8335 2
6058 0
3192 6
11159 6
9321 2
3483 2
1530 4
4466 4
5793 2
8506 7
1525 4
419 2
5855 5
11273 9
8614 2
4901 5
8111 1
8305 4
10857 4
3506 3
5447 3
9536 5
6298 2
6210 3
5988 3
10103 4
8253 2
11218 3
8259 2
3753 8
8735 5
9214 5
6855 2
7059 6
4493 1
11686 8
1612 5
8698 7
9738 6
7753 3
5058 4
10681 9
11383 3
11163 9
5512 2
10450 2
1264 5
11037 1
2629 3
5724 8
8450 7
2471 9
11364 1
9503 1
3180 0
7413 2
2310 3
10796 5
7462 3
8419 0
2074 4
7122 6
917 2
11122 4
5833 9
7389 6
2423 2
9692 2
10441 9
9607 7
5984 5
7027 3
207 6
6526 3
9489 4
5252 4
10762 10
7920 4
7387 6
8884 5
9319 5
330 4
8331 8
707 3
8011 3
10664 2
2668 5
9593 4
9360 4
1291 1
2984 2
8250 0
1311 6
6934 3
4506 5
1898 3
6759 3
426 3
2757 8
310 7
11665 7
8494 1
6802 2
10662 2
7359 1
8420 2
1301 1
8129 10
9876 4
109 2
4398 7
8037 10
8883 5
9162 5
9912 4
9646 2
5215 2
6121 1
6067 2
10539 4
286 4
4429 1
4546 9
8065 2
1182 7
11249 1
6917 10
2996 8
3765 2
7401 0
6701 2
2432 3
657 7
7944 5
2173 2
5269 5
325 2
3294 5
10488 2
7640 2
3016 6
10041 2
6348 4
1199 5
8469 5
5377 9
8798 5
8109 8
3435 4
147 2
5508 5
6169 4
660 5
9229 2
10443 5
5975 6
10324 2
8953 2
7675 3
4009 5
5458 9
3993 4
8882 1
2474 5
8167 4
1486 4
2906 4
10338 1
9491 1
4965 2
6627 3
2054 7
2163 5
3835 5
4117 9
2233 1
4659 10
5480 10
6292 7
8273 0
8298 7
4234 8
1676 3
8712 7
3195 5
4386 5
8770 10
7481 1
5018 5
3311 7
3658 2
255 8
2257 9
8820 2
8211 1
7728 3
7635 10
10850 2
10736 5
11248 4
5348 3
2748 9
9058 1
5218 9
129 1
1728 8
7722 3
11542 2
732 4
11415 5
1900 7
229 2
8646 2
6818 3
5556 9
9509 4
6849 3
125 2
6592 1
5219 7
1300 4
1859 7
10588 2
3314 9
11350 5
4137 0
4622 7
10481 9
6512 4
8191 0
6964 3
2369 1
3864 1
8202 0
6204 9
323 2
11054 1
6773 4
9594 5
9542 5
1602 10
3131 9
6774 4
503 2
6217 7
6812 10
10562 8
6435 4
9392 3
2166 6
246 1
7035 1
10386 9
7340 9
637 1
3030 2
9312 10
2645 4
11094 4
9507 4
9974 9
128 2
5344 4
7669 7
3184 8
10572 9
6900 1
11443 2
2146 4
7302 2
4418 10
4133 2
10531 4
10673 5
1782 8
3983 5
3837 5
8220 3
7647 7
10168 2
6940 7
487 5
9670 1
2454 3
6794 3
8799 2
7338 2
3689 10
2459 1
4433 3
3712 2
4440 1
885 2
6397 3
7984 7
11422 5
7775 8
2663 7
9847 4
11494 10
1151 4
2415 2
7141 6
3138 2
8421 3
1335 5
7555 8
1748 2
2518 1
2852 7
4190 0
11170 1
5439 10
1828 0
8524 6
4153 7
2561 7
1358 1
10712 1
4477 6
6105 2
3465 5
407 1
8505 10
4969 3
7988 2
1047 0
5936 5
8342 5
2357 4
9040 9
5801 2
8124 2
7527 2
1159 2
5546 2
6990 4
7045 5
9745 2
2797 1
4837 9
2479 3
3517 5
6723 7
9494 1
2337 10
1885 5
7823 0
5432 7
4698 3
4238 2
11013 5
3118 2
5599 7
2948 7
3902 2
1051 3
8714 4
3666 0
6070 1
11266 4
7336 5
9975 1
3124 9
11449 4
7610 6
4635 8
5066 1
3560 10
5995 9
4822 5
9190 4
5071 3
8442 2
5591 5
11101 4
2669 7
5727 2
8936 2
1645 1
3137 2
4413 3
6212 1
1692 2
9943 5
5916 9
2672 2
797 2
3680 3
10997 10
10372 4
8380 2
9203 8
7155 6
1505 4
10683 3
1883 1
774 8
7547 4
3320 10
2150 4
8073 3
9562 4
10885 3
4616 3
5072 5
6599 4
2179 2
1942 5
8956 1
2725 4
5233 9
1605 5
3119 4
5553 5
4532 3
11368 9
568 5
10284 6
11253 2
3068 1
5828 3
7825 4
8921 6
6377 3
3105 2
9610 6
6194 1
9469 2
9120 5
7369 7
10755 10
5470 3
6881 6
6061 3
4988 4
1608 7
11583 7
9356 5
1285 5
8059 2
2476 7
2342 4
8575 1
11488 10
4305 4
7809 5
2464 7
6482 5
3298 5
8468 2
7954 5
7562 5
5329 4
11076 2
11614 1
9378 2
5945 9
685 4
1518 3
5661 1
8732 2
11434 8
1611 9
11144 1
5368 9
10667 1
11220 2
4436 9
8349 8
6708 1
2403 5
2760 8
4270 7
510 5
9389 10
3933 5
6629 5
4910 4
5616 2
3846 5
9395 2
6197 1
10112 2
2170 2
11560 2
11436 2
7215 2
8780 1
8665 1
4640 8
9844 4
1628 2
4107 7
8908 5
2420 10
3150 5
10699 4
7101 9
6221 2
3580 9
8041 2
7165 4
2053 1
7428 5
9896 4
1879 5
8403 8
7951 4
1793 10
6676 8
7123 8
3208 10
5135 5
9575 1
5477 3
6200 8
10259 5
4566 5
6941 2
7093 5
7134 2
2220 4
2285 5
10583 2
10782 2
8221 3
297 7
1118 4
3844 5
7981 7
4467 5
3877 2
6326 8
2769 5
5954 1
3737 10
3456 8
4523 5
10253 10
3381 2
4219 5
6026 4
9282 10
788 7
5049 4
8565 1
366 7
7755 3
518 5
628 10
2075 7
3295 9
6797 10
5840 5
9085 3
10749 10
921 7
721 0
10369 2
3404 0
5031 2
4742 7
7276 3
10899 2
5734 2
9880 4
4706 3
479 10
7480 8
7692 1
1445 2
11638 2
7079 4
9193 9
11621 4
3729 7
4711 1
7202 2
2198 2
9713 5
1499 5
9989 8
2845 10
2043 4
7329 5
1501 1
11522 2
7159 3
4362 3
6460 5
7115 2
154 4
7168 7
2151 3
6206 2
2513 5
9858 4
2071 4
112 3
7407 2
9326 6
4691 7
42 2
1585 9
10575 2
4226 7
1037 0
8141 3
1045 7
11091 5
4072 2
6350 6
10260 2
6490 5
4551 5
7350 10
5994 4
10830 1
9080 3
805 2
3870 5
10392 10
11193 9
10128 5
11581 5
3149 10
10784 8
3571 1
1178 2
3627 4
585 2
6609 5
1566 5
4633 9
2318 1
11451 10
9611 7
38 2
5478 7
8589 4
10812 7
6731 4
3364 5
3001 9
2697 5
3568 6
3992 5
4339 5
5176 2
2766 3
3467 9
397 0
2174 1
1290 1
3914 3
10486 3
7708 3
2971 3
5888 9
6293 8
1360 1
4946 5
710 4
689 2
7800 10
9626 4
5566 9
11319 10
9115 5
2846 3
6743 3
10150 2
1663 7
1957 1
10361 5
10994 9
4486 7
10783 2
5379 8
5452 0
4731 8
11178 1
10568 2
11020 9
3654 5
5714 9
3418 7
6184 3
4718 4
9212 8
7774 8
9786 4
6228 5
6950 7
4160 9
7075 4
9839 1
5807 9
1236 1
4800 1
1963 1
2239 9
1545 4
4013 10
1476 9
5158 9
1722 5
1362 2
10888 2
7104 7
4337 9
5087 1
1841 5
7737 3
8696 9
9180 7
11211 10
3159 1
9478 5
10822 9
10734 2
4411 2
1681 5
1614 3
4379 7
11606 1
268 9
4164 3
5475 4
11353 4
9239 3
6659 4
9157 4
8328 0
8116 9
6406 3
6554 10
11045 3
11470 9
4056 4
6517 3
7826 1
9761 5
8534 1
848 3
1618 2
11215 8
7952 5
190 7
6552 9
249 8
7811 5
11649 7
9872 4
10408 8
4094 1
2006 5
9065 7
11530 2
11269 7
10694 0
3043 4
4197 1
3474 7
4315 5
11346 2
8107 1
2228 3
7939 9
1035 2
3405 2
5317 7
2983 4
6479 4
8858 6
10430 10
2973 2
1365 3
6499 9
8000 5
960 7
10747 5
6257 6
5671 3
9693 7
5921 0
142 7
1048 2
287 4
11669 1
3866 3
972 7
7710 3
5882 2
9753 1
7612 2
9245 1
3004 7
1928 7
4875 1
4884 0
10189 6
4320 5
4912 0
7535 2
556 5
9247 5
4192 1
3 5
5241 9
1450 9
9410 9
1935 2
7080 4
6317 2
1193 2
5887 2
1097 7
3685 9
9758 3
11574 2
11416 5
1369 3
6640 4
8085 10
304 3
1470 7
1600 1
509 8
10397 3
6574 1
7188 2
10655 2
7270 9
9775 1
3130 10
6099 5
2956 5
3838 1
9874 1
664 5
10137 0
5852 8
7783 3
9633 5
7020 7
9490 5
5277 1
1504 4
6374 2
8737 4
3651 3
5623 3
1428 7
5632 2
7927 2
3609 5
6359 1
8891 1
1972 1
2345 3
7712 7
5513 9
3921 8
9942 5
7011 4
5892 2
4112 3
9342 3
8110 2
6551 8
5370 9
4869 5
5408 6
5450 5
1882 5
10807 2
3348 0
5020 1
1247 5
1647 1
88 2
2492 3
10393 10
9480 5
896 10
9332 9
300 1
5261 2
11340 1
6814 4
11161 5
11414 3
7403 8
2860 4
2253 7
1248 8
9723 2
7396 7
9437 5
1840 7
5898 2
10684 2
7410 3
9652 2
8241 2
11217 3
227 3
2314 10
1627 5
5719 0
3300 5
9407 9
6958 9
5422 10
4605 1
10101 2
3403 3
3555 6
9956 3
5660 10
1425 4
2017 1
1082 0
4211 5
4786 8
4915 9
11005 5
5239 9
9366 2
2803 2
2719 2
6376 7
7842 9
7273 8
3372 4
8352 3
339 5
7156 5
5121 2
1395 4
9870 1
4300 5
9603 10
4380 9
7154 1
7518 1
1243 3
5115 5
5213 2
5333 8
3721 3
8772 10
861 5
10196 2
6905 9
6485 4
839 3
5809 1
4874 5
